Species    Freq.     Unc.     J'(K-',K+') - J''(K-'',K+'')   F'  F1' -  F''  F1''  Vib.     Ref.                                                              

H_216O    22235.044  (1E-3)        6(1,6) -        5( 2,3)    7      -    6        (0,0,0)  [69033]
          22235.077  (1E-3)        6(1,6) -        5( 2,3)    6      -    5        (0,0,0)                                                                    
          22235.080  (*1E-4)       6(1,6) -        5( 2,3)                         (0,0,0)                                                                    
          22235.120  (1E-3)        6(1,6) -        5( 2,3)    5      -    4        (0,0,0)                                                                    
          22235.253  (1E-3)        6(1,6) -        5( 2,3)    6      -    6        (0,0,0)                                                                    
          22235.298  (1E-3)        6(1,6) -        5( 2,3)    5      -    5        (0,0,0)                                                                    
          67803.62   (0.10)        3(2,1) -        4( 1,4)                         (0,1,0)  [71036]
         183310.091  (2E-3)        3(1,3) -        2( 2,0)                         (0,0,0)  [71032]
         321225.644  (0.24)       10(2,9) -        9( 3,6)                         (0,0,0)  [72049]
         325152.919  (0.03)        5(1,5) -        4( 2,2)                         (0,0,0)                                                                    
         380197.372  (0.03)        4(1,4) -        3( 2,1)                         (0,0,0)                                                                    
         437346.667  (0.20)        7(5,3) -        6( 6,0)                         (0,0,0)                                                                    
         439150.812  (0.05)        6(4,3) -        5( 5,0)                         (0,0,0)                                                                    
         443018.295  (0.21)        7(5,2) -        6( 6,1)                         (0,0,0)                                                                    
         448001.075  (0.02)        4(2,3) -        3( 3,0)                         (0,0,0)                                                                    
         470888.947  (0.19)        6(4,2) -        5( 5,1)                         (0,0,0)                                                                    
         474689.127  (0.07)        5(3,3) -        4( 4,0)                         (0,0,0)                                                                    
         488491.133  (0.38)        6(2,4) -        7( 1,7)                         (0,0,0)                                                                    
         556936.002  (0.09)        1(1,0) -        1( 0,1)                         (0,0,0)                                                                    
         620700.807  (0.39)        5(3,2) -        4( 4,1)                         (0,0,0)                                                                    
         752033.227  (0.49)        2(1,1) -        2( 0,2)                         (0,0,0)                                                                    
H_217O    13533.79   (0.10)        6(1,6) -        5( 2,3)      13/2 -       11/2  (0,0,0)  [71036]
          13534.41   (0.10)        6(1,6) -        5( 2,3)      15/2 -       13/2  (0,0,0)                                                                    
          13534.41   (0.10)        6(1,6) -        5( 2,3)      11/2 -        9/2  (0,0,0)                                                                    
          13536.02   (0.10)        6(1,6) -        5( 2,3)       9/2 -        7/2  (0,0,0)                                                                    
          13537.06   (0.10)        6(1,6) -        5( 2,3)      17/2 -       15/2  (0,0,0)                                                                    
          13537.97   (0.10)        6(1,6) -        5( 2,3)       7/2 -        5/2  (0,0,0)                                                                    
         193999.796  (0.01)        3(1,3) -        2( 2,0)       9/2 -        7/2  (0,0,0)  [75009]
         193999.796  (0.01)        3(1,3) -        2( 2,0)       7/2 -        7/2  (0,0,0)                                                                    
         194000.310  (0.01)        3(1,3) -        2( 2,0)       7/2 -        5/2  (0,0,0)                                                                    
         194001.675  (0.01)        3(1,3) -        2( 2,0)       5/2 -        5/2  (0,0,0)                                                                    
         194001.675  (0.01)        3(1,3) -        2( 2,0)       9/2 -        9/2  (0,0,0)                                                                    
         194002.998  (0.01)        3(1,3) -        2( 2,0)       5/2 -        3/2  (0,0,0)                                                                    
         194004.172  (0.01)        3(1,3) -        2( 2,0)      11/2 -        9/2  (0,0,0)                                                                    
         194004.172  (0.01)        3(1,3) -        2( 2,0)       3/2 -        3/2  (0,0,0)                                                                    
         194005.835  (0.01)        3(1,3) -        2( 2,0)       3/2 -        1/2  (0,0,0)                                                                    
         194007.002  (0.01)        3(1,3) -        2( 2,0)       1/2 -        1/2  (0,0,0)                                                                    
         323825.089  (0.01)        5(1,5) -        4( 2,2)      13/2 -       11/2  (0,0,0)                                                                    
         323827.873  (0.01)        5(1,5) -        4( 2,2)      15/2 -       13/2  (0,0,0)                                                                    
         385784.860  (0.01)        4(1,4) -        3( 2,1)      11/2 -        9/2  (0,0,0)                                                                    
         385788.189  (0.01)        4(1,4) -        3( 2,1)      13/2 -       11/2  (0,0,0)                                                                    
         469808.134  (0.01)        4(2,3) -        3( 3,0)      11/2 -        9/2  (0,0,0)                                                                    
         469811.064  (0.01)        4(2,3) -        3( 3,0)      13/2 -       11/2  (0,0,0)                                                                    
         552020.960  (0.01)        1(1,0) -        1( 0,1)                         (0,0,0)                                                                    
         748458.254  (0.01)        2(1,1) -        2( 0,2)                         (0,0,0)                                                                    
H_218O     5625.147  (0.02)        6(1,6) -        5( 2,3)                         (0,0,0)  [70025]
         203407.52   (0.02)        3(1,3) -        2( 2,0)                         (0,0,0)  [72050]
         322465.17   (0.05)        5(1,5) -        4( 2,2)                         (0,0,0)                                                                    
         390607.76   (0.04)        4(1,4) -        3( 2,1)                         (0,0,0)                                                                    
         489054.26   (0.08)        4(2,3) -        3( 3,0)                         (0,0,0)                                                                    
         517181.96   (0.21)        6(2,4) -        7( 1,7)                         (0,0,0)                                                                    
         520137.32   (0.47)        6(4,3) -        5( 5,0)                         (0,0,0)                                                                    
         537337.57   (0.47)        5(3,3) -        4( 4,0)                         (0,0,0)                                                                    
         547676.44   (0.06)        1(1,0) -        1( 0,1)                         (0,0,0)                                                                    
         554859.87   (0.49)        6(4,2) -        5( 5,1)                         (0,0,0)                                                                    
         692079.14   (0.60)        5(3,2) -        4( 4,1)                         (0,0,0)                                                                    
         745320.20   (0.48)        2(1,1) -        2( 0,2)                         (0,0,0)                                                                    
H16OD         2.340  (*1E-3)       7(6,1) -        7( 6,2)                         (0,0,0)  [74005]
              3.259  (*1E-3)       5(5,0) -        5( 5,1)                         (0,0,0)                                                                    
             35.484  (*1E-3)       6(5,1) -        6( 5,2)                         (0,0,0)                                                                    
             54.618  (*1E-3)       4(4,0) -        4( 4,1)                         (0,0,0)                                                                    
            209.887  (*5E-3)       7(5,2) -        7( 5,3)                         (0,0,0)                                                                    
            486.266  (2E-3)        5(4,1) -        5( 4,2)  9/2    5 - 11/2     5  (0,0,0)  [62019]
            486.450  (2E-3)        5(4,1) -        5( 4,2)  9/2    4 - 11/2     5  (0,0,0)                                                                    
            486.487  (2E-3)        5(4,1) -        5( 4,2) 13/2    6 - 11/2     5  (0,0,0)                                                                    
            486.528  (*2E-3)       5(4,1) -        5( 4,2)                         (0,0,0)                                                                    
            486.569  (2E-3)        5(4,1) -        5( 4,2) 11/2    5 -  9/2     4  (0,0,0)                                                                    
            486.607  (2E-3)        5(4,1) -        5( 4,2) 11/2    5 - 13/2     6  (0,0,0)                                                                    
            824.478  (2E-3)        3(3,0) -        3( 3,1)  3/2    2 -  5/2     3  (0,0,0)                                                                    
            824.507  (2E-3)        3(3,0) -        3( 3,1)  7/2    4 -  9/2     4  (0,0,0)                                                                    
            824.525  (2E-3)        3(3,0) -        3( 3,1)  7/2    4 -  5/2     3  (0,0,0)                                                                    
            824.549  (2E-3)        3(3,0) -        3( 3,1)  5/2    3 -  7/2     3  (0,0,0)                                                                    
            824.569  (2E-3)        3(3,0) -        3( 3,1)  9/2    4 -  7/2     3  (0,0,0)                                                                    
            824.604  (2E-3)        3(3,0) -        3( 3,1)  7/2    4 -  5/2     2  (0,0,0)                                                                    
            824.671  (2E-3)        3(3,0) -        3( 3,1)  9/2    4 -  9/2     4  (0,0,0)                                                                    
            824.671  (2E-3)        3(3,0) -        3( 3,1)  7/2    4 -  7/2     4  (0,0,0)                                                                    
            824.671  (2E-3)        3(3,0) -        3( 3,1)  7/2    3 -  7/2     3  (0,0,0)                                                                    
            824.671  (2E-3)        3(3,0) -        3( 3,1)  5/2    3 -  5/2     3  (0,0,0)                                                                    
            824.671  (2E-3)        3(3,0) -        3( 3,1)  5/2    2 -  5/2     2  (0,0,0)                                                                    
            824.671  (2E-3)        3(3,0) -        3( 3,1)  3/2    2 -  3/2     2  (0,0,0)                                                                    
            824.742  (2E-3)        3(3,0) -        3( 3,1)  5/2    2 -  7/2     4  (0,0,0)                                                                    
            824.773  (2E-3)        3(3,0) -        3( 3,1)  7/2    3 -  9/2     4  (0,0,0)                                                                    
            824.790  (2E-3)        3(3,0) -        3( 3,1)  7/2    3 -  5/2     3  (0,0,0)                                                                    
            824.814  (2E-3)        3(3,0) -        3( 3,1)  5/2    3 -  7/2     4  (0,0,0)                                                                    
            824.834  (2E-3)        3(3,0) -        3( 3,1)  9/2    4 -  7/2     4  (0,0,0)                                                                    
            824.864  (2E-3)        3(3,0) -        3( 3,1)  5/2    3 -  3/2     2  (0,0,0)                                                                    
            892.229  (*0.02)       8(5,3) -        8( 5,4)                         (0,0,0)  [74005]
           2394.56   (0.05)        6(4,2) -        6( 4,3)                         (0,0,0)  [55010]
           3044.71   (0.10)        9(5,4) -        9( 5,5)                         (0,0,0)                                                                    
           3296.488  (*0.24)       5(0,5) -        4( 2,2)                         (0,0,0)  [74005]
           5702.78   (0.06)        4(3,1) -        4( 3,2)                         (0,0,0)  [53017]
           8577.812  (0.04)        7(4,3) -        7( 4,4)                         (0,0,0)  [68014]
           8837.21   (0.10)       10(5,5) -       10( 5,6)                         (0,0,0)  [71035]
          10278.080  (1E-3)        2(2,0) -        2( 2,1)  5/2    2 -  3/2     1  (0,0,0)  [64020]
          10278.080  (1E-3)        2(2,0) -        2( 2,1)  3/2    2 -  1/2     1  (0,0,0)                                                                    
          10278.137  (1E-3)        2(2,0) -        2( 2,1)  7/2    3 -  5/2     3  (0,0,0)                                                                    
          10278.137  (1E-3)        2(2,0) -        2( 2,1)  3/2    2 -  5/2     3  (0,0,0)                                                                    
          10278.168  (1E-3)        2(2,0) -        2( 2,1)  3/2    1 -  1/2     1  (0,0,0)                                                                    
          10278.168  (1E-3)        2(2,0) -        2( 2,1)  5/2    2 -  7/2     3  (0,0,0)                                                                    
          10278.226  (1E-3)        2(2,0) -        2( 2,1)  3/2    1 -  5/2     3  (0,0,0)                                                                    
          10278.246  (1E-3)        2(2,0) -        2( 2,1)  3/2    2 -  3/2     2  (0,0,0)                                                                    
          10278.246  (1E-3)        2(2,0) -        2( 2,1)  5/2    2 -  5/2     2  (0,0,0)                                                                    
          10278.246  (1E-3)        2(2,0) -        2( 2,1)  5/2    3 -  5/2     3  (0,0,0)                                                                    
          10278.246  (1E-3)        2(2,0) -        2( 2,1)  7/2    3 -  7/2     3  (0,0,0)                                                                    
          10278.264  (1E-3)        2(2,0) -        2( 2,1)  5/2    3 -  3/2     1  (0,0,0)                                                                    
          10278.323  (1E-3)        2(2,0) -        2( 2,1)  1/2    1 -  3/2     1  (0,0,0)                                                                    
          10278.323  (1E-3)        2(2,0) -        2( 2,1)  7/2    3 -  5/2     2  (0,0,0)                                                                    
          10278.355  (1E-3)        2(2,0) -        2( 2,1)  5/2    3 -  7/2     3  (0,0,0)                                                                    
          10278.355  (1E-3)        2(2,0) -        2( 2,1)  5/2    3 -  3/2     2  (0,0,0)                                                                    
          10278.413  (1E-3)        2(2,0) -        2( 2,1)  3/2    1 -  5/2     2  (0,0,0)                                                                    
          10278.413  (1E-3)        2(2,0) -        2( 2,1)  1/2    1 -  3/2     2  (0,0,0)                                                                    
          10557.45   (0.05)        2(2,0) -        2( 2,1)                         (0,1,0)  [71035]
          11618.2    (0.1)         6(2,4) -        7( 0,7)                         (0,0,0)  [73062]
          20460.01   (0.05)        3(2,1) -        4( 1,4)                         (0,0,0)  [70023]
          21820.34   (0.10)        5(3,2) -        5( 3,3)                         (0,1,0)  [71035]
          22307.67   (0.05)        5(3,2) -        5( 3,3)                         (0,0,0)  [48011]
          22581.57   (0.10)       11(5,6) -       11( 5,7)                         (0,0,0)  [71035]
          24884.77   (0.05)        8(4,4) -        8( 4,5)                         (0,0,0)  [53017]
          26880.38   (0.05)        7(1,7) -        6( 2,4)                         (0,0,0)                                                                    
          27892.29   (0.10)        6(2,5) -        5( 3,2)                         (0,1,0)  [71035]
          28668.34   (0.10)       11(7,5) -       12( 6,6)                         (0,0,0)                                                                    
          31670.43   (0.10)       11(7,4) -       12( 6,7)                         (0,0,0)                                                                    
          45902.54   (0.10)      13(2,12) -       12( 3,9)                         (0,0,0)                                                                    
          50236.30   (0.10)        3(2,1) -        3( 2,2)                         (0,0,0)  [56016]
          51675.47   (0.10)        3(2,1) -        3( 2,2)                         (0,1,0)  [71035]
          51917.87   (0.10)       12(5,7) -       12( 5,8)                         (0,0,0)                                                                    
          61185.95   (0.10)        4(3,1) -        5( 2,4)                         (0,0,0)  [70028]
          61704.59   (0.20)        9(4,5) -        9( 4,6)                         (0,0,0)                                                                    
          63155.55   (0.10)        6(3,3) -        6( 3,4)                         (0,1,0)  [71035]
          64427.34   (0.10)        6(3,3) -        6( 3,4)                         (0,0,0)  [70028]
          67153.04   (0.10)        3(1,2) -        2( 2,1)                         (0,1,0)  [71035]
          69550.58   (0.10)        6(0,6) -        5( 2,3)                         (0,0,0)  [70023]
          80578.15   (0.15)        1(1,0) -        1( 1,1)                         (0,0,0)  [56016]
          87962.81   (0.02)        7(3,5) -        6( 4,2)                         (0,0,0)  [71037]
         120778.19   (0.01)        5(1,5) -        4( 2,2)                         (0,0,0)                                                                    
         127527.533  (*3.00)       7(1,6) -        6( 3,3)                         (0,0,0)  [74005]
         134770.22   (0.04)       10(4,6) -       10( 4,7)                         (0,0,0)  [71037]
         138530.57   (0.06)        6(1,6) -        5( 2,3)                         (0,0,0)                                                                    
         143727.21   (0.04)        4(2,2) -        4( 2,3)                         (0,0,0)                                                                    
         151616.19   (0.03)        7(3,4) -        7( 3,5)                         (0,0,0)                                                                    
         160329.47   (0.10)        9(6,4) -       10( 5,5)                         (0,0,0)  [70023]
         169246.05   (0.10)        9(6,3) -       10( 5,6)                         (0,0,0)  [71037]
         207110.65   (0.10)        3(2,1) -        4( 0,4)                         (0,0,0)  [73061]
         207345.71   (0.07)        7(2,5) -        8( 1,8)                         (0,0,0)  [71037]
         210310.65   (0.02)        9(4,6) -        8( 5,3)                         (0,0,0)                                                                    
         225896.72   (0.04)        3(1,2) -        2( 2,1)                         (0,0,0)                                                                    
         228072.253  (*0.51)       7(2,5) -        8( 0,8)                         (0,0,0)  [74005]
         241561.55   (0.04)        2(1,1) -        2( 1,2)                         (0,0,0)  [71037]
         241973.57   (0.04)        7(3,4) -        6( 4,3)                         (0,0,0)                                                                    
         255050.26   (0.06)        5(2,3) -        4( 3,2)                         (0,0,0)                                                                    
         258223.76   (0.10)        7(5,3) -        8( 4,4)                         (0,0,0)                                                                    
         266161.07   (0.03)        2(2,0) -        3( 1,3)                         (0,0,0)                                                                    
         272907.54   (0.03)        9(4,5) -        8( 5,4)                         (0,0,0)                                                                    
         283318.59   (0.02)        7(5,2) -        8( 4,5)                         (0,0,0)                                                                    
         305038.55   (0.11)        8(3,5) -        8( 3,6)                         (0,0,0)                                                                    
         310533.29   (0.05)        5(2,3) -        5( 2,4)                         (0,0,0)                                                                    
         313750.62   (0.03)        6(2,5) -        5( 3,2)                         (0,0,0)                                                                    
         317151.25   (0.05)        5(4,2) -        6( 3,3)                         (0,0,0)                                                                    
         335395.50   (0.03)        3(3,1) -        4( 2,2)                         (0,0,0)                                                                    
         356839.62   (*1.79)       5(3,2) -        6( 1,5)                         (0,0,0)  [74005]
         382065.10   (0.09)        5(4,1) -        6( 3,4)                         (0,0,0)  [71037]
         464924.52   (0.03)        1(0,1) -        0( 0,0)                         (0,0,0)                                                                    
         479947.37   (0.10)        3(3,0) -        4( 2,3)                         (0,0,0)                                                                    
         481779.50   (0.28)        3(1,2) -        3( 1,3)                         (0,0,0)                                                                    
         490596.64   (0.06)        2(0,2) -        1( 1,1)                         (0,0,0)                                                                    
         497675.668  (*4.53)       8(1,7) -        7( 3,4)                         (0,0,0)  [74005]
         509292.42   (0.05)        1(1,0) -        1( 0,1)                         (0,0,0)  [71037]
         537792.770  (*0.24)       2(2,0) -        3( 0,3)                         (0,0,0)  [74005]
         539935.90   (0.34)        8(3,6) -        7( 4,3)                         (0,0,0)  [71037]
         540375.466  (*0.94)       9(3,6) -        9( 3,7)                         (0,0,0)  [74005]
         548552.311  (*1.77)       8(2,6) -        9( 1,9)                         (0,0,0)                                                                    
         559427.696  (*1.96)       8(2,6) -        9( 0,9)                         (0,0,0)                                                                    
         559816.74   (0.29)        6(2,4) -        6( 2,5)                         (0,0,0)  [71037]
         599926.71   (0.12)        2(1,1) -        2( 0,2)                         (0,0,0)                                                                    
         622483.456  (*0.61)       7(2,6) -        6( 3,3)                         (0,0,0)  [74005]
         753411.15   (0.38)        3(1,2) -        3( 0,3)                         (0,0,0)  [71037]
         766163.057  (*2.14)       6(5,2) -        7( 4,3)                         (0,0,0)  [74005]
         774776.302  (*2.12)       6(5,1) -        7( 4,4)                         (0,0,0)                                                                    
         797486.719  (*0.25)       4(1,3) -        4( 1,4)                         (0,0,0)                                                                    
D_216O    10919.301  (1E-3)        3(1,3) -        2( 2,0)    3    0 -    2     0  (0,0,0)  [57009]
          10919.357  (1E-3)        3(1,3) -        2( 2,0)    5    2 -    4     2  (0,0,0)                                                                    
          10919.420  (*1E-4)       3(1,3) -        2( 2,0)                         (0,0,0)  [70024]
          10919.521  (1E-3)        3(1,3) -        2( 2,0)    4    2 -    3     2  (0,0,0)  [57009]
          10919.603  (1E-3)        3(1,3) -        2( 2,0)    3    2 -    2     2  (0,0,0)                                                                    
          10947.113  (1E-4)        4(4,1) -        5( 3,2)                         (0,0,0)  [70024]
          29695.58   (0.10)        4(1,4) -        3( 2,1)                         (0,1,0)  [71038]
          30182.49   (0.03)        8(7,2) -        9( 6,3)                         (0,0,0)  [73056]
          30778.50   (0.03)        8(7,1) -        9( 6,4)                         (0,0,0)                                                                    
          43414.57   (0.03)        4(2,3) -        3( 3,0)                         (0,0,0)  [56016]
          50538.74   (0.10)        5(2,3) -        6( 1,6)                         (0,1,0)  [71038]
          51436.58   (0.10)        5(1,5) -        4( 2,2)                         (0,1,0)                                                                    
          54216.60   (0.10)        4(2,2) -        3( 3,1)                         (0,1,0)                                                                    
          55482.32   (0.03)        4(4,0) -        5( 3,3)                         (0,0,0)  [56016]
          70240.63   (0.03)        8(5,4) -        7( 6,1)                         (0,0,0)  [70028]
          74471.69   (0.03)        8(5,3) -        7( 6,2)                         (0,0,0)                                                                    
          93350.06   (0.03)        6(1,6) -        5( 2,3)                         (0,0,0)                                                                    
         103076.40   (0.06)        9(8,2) -       10( 7,3)                         (0,0,0)                                                                    
         103152.89   (0.06)        9(8,1) -       10( 7,4)                         (0,0,0)                                                                    
         104875.71   (0.06)        6(2,4) -        7( 1,7)                         (0,0,0)                                                                    
         120183.28   (0.06)      11(2,10) -       10( 3,7)                         (0,0,0)  [70026]
         145134.80   (0.06)       10(9,2) -       11( 8,3)                         (0,0,0)  [70023]
         145143.82   (0.06)       10(9,1) -       11( 8,4)                         (0,0,0)                                                                    
         151710.40   (0.06)        4(1,4) -        3( 2,1)                         (0,0,0)  [70028]
         180171.22   (0.09)        5(5,1) -        6( 4,2)                         (0,0,0)                                                                    
         181883.02   (0.09)        5(1,5) -        4( 2,2)                         (0,0,0)                                                                    
         187633.10   (0.09)        5(5,0) -        6( 4,3)                         (0,0,0)                                                                    
         192519.44   (0.09)        7(4,4) -        6( 5,1)                         (0,0,0)                                                                    
         215689.00   (0.09)       12(8,5) -       11( 9,2)                         (0,0,0)  [70023]
         215731.72   (0.09)       12(8,4) -       11( 9,3)                         (0,0,0)                                                                    
         218442.50   (0.09)        7(4,3) -        6( 5,2)                         (0,0,0)  [70028]
         227010.50   (0.09)        4(2,2) -        3( 3,1)                         (0,0,0)                                                                    
         254484.27   (0.12)       11(3,8) -      12( 2,11)                         (0,0,0)  [70026]
         265060.07   (0.12)       11(7,5) -       10( 8,2)                         (0,0,0)  [73057]
         265381.30   (0.12)       11(7,4) -       10( 8,3)                         (0,0,0)                                                                    
         307107.53   (0.12)        6(6,1) -        7( 5,2)                         (0,0,0)  [70028]
         307743.14   (0.12)        6(3,4) -        5( 4,1)                         (0,0,0)                                                                    
         308133.65   (0.12)        6(6,0) -        7( 5,3)                         (0,0,0)                                                                    
         316799.81   (0.12)        1(1,0) -        1( 0,1)                         (0,0,0)                                                                    
         339035.26   (0.15)        5(2,4) -        4( 3,1)                         (0,0,0)                                                                    
         403561.82   (0.15)        2(1,1) -        2( 0,2)                         (0,0,0)  [73057]
         458531.45   (0.15)        3(1,2) -        2( 2,1)                         (0,0,0)                                                                    
         468246.57   (0.15)        2(0,2) -        1( 1,1)                         (0,0,0)                                                                    
         607349.6    (0.2)         1(1,1) -        0( 0,0)                         (0,0,0)  [70027]
         890396.03   (0.30)        6(2,4) -        6( 1,5)                         (0,0,0)  [79028]
D_217O    21311.05   (0.03)        4(4,0) -        5( 3,3)       3/2 -        5/2  (0,0,0)  [73056]
          21312.20   (0.03)        4(4,0) -        5( 3,3)      13/2 -       15/2  (0,0,0)                                                                    
          21313.80   (0.03)        4(4,0) -        5( 3,3)       7/2 -        9/2  (0,0,0)                                                                    
          21314.50   (0.03)        4(4,0) -        5( 3,3)      11/2 -       13/2  (0,0,0)                                                                    
          21314.80   (0.03)        4(4,0) -        5( 3,3)       9/2 -       11/2  (0,0,0)                                                                    
          22454.04   (0.03)        3(1,3) -        2( 2,0)       9/2 -        7/2  (0,0,0)                                                                    
          22454.04   (0.03)        3(1,3) -        2( 2,0)       7/2 -        7/2  (0,0,0)                                                                    
          22454.60   (0.03)        3(1,3) -        2( 2,0)       7/2 -        5/2  (0,0,0)                                                                    
          22455.3    (0.1)         3(1,3) -        2( 2,0)       5/2 -        7/2  (0,0,0)                                                                    
          22455.64   (0.03)        3(1,3) -        2( 2,0)       5/2 -        5/2  (0,0,0)                                                                    
          22457.09   (0.03)        3(1,3) -        2( 2,0)       5/2 -        3/2  (0,0,0)                                                                    
          22457.09   (0.03)        3(1,3) -        2( 2,0)       3/2 -        5/2  (0,0,0)                                                                    
          22458.24   (0.03)        3(1,3) -        2( 2,0)      11/2 -        9/2  (0,0,0)                                                                    
          22460.03   (0.03)        3(1,3) -        2( 2,0)       3/2 -        1/2  (0,0,0)                                                                    
          22461.10   (0.03)        3(1,3) -        2( 2,0)       1/2 -        1/2  (0,0,0)                                                                    
          25835.35   (0.03)        5(3,2) -        4( 4,1)      13/2 -       11/2  (0,0,0)                                                                    
          25836.10   (0.03)        5(3,2) -        4( 4,1)       9/2 -        7/2  (0,0,0)                                                                    
          25837.40   (0.03)        5(3,2) -        4( 4,1)      15/2 -       13/2  (0,0,0)                                                                    
          25838.55   (0.03)        5(3,2) -        4( 4,1)       5/2 -        3/2  (0,0,0)                                                                    
          30414.69   (0.03)        9(6,4) -        8( 7,1)      21/2 -       19/2  (0,0,0)                                                                    
          30415.38   (0.03)        9(6,4) -        8( 7,1)      15/2 -       13/2  (0,0,0)                                                                    
          30415.90   (0.03)        9(6,4) -        8( 7,1)      23/2 -       21/2  (0,0,0)                                                                    
          31099.88   (0.03)        9(6,3) -        8( 7,2)      21/2 -       19/2  (0,0,0)                                                                    
          31100.57   (0.03)        9(6,3) -        8( 7,2)      15/2 -       13/2  (0,0,0)                                                                    
          31101.09   (0.03)        9(6,3) -        8( 7,2)      23/2 -       21/2  (0,0,0)                                                                    
          34453.65   (0.03)        9(8,2) -       10( 7,3)      13/2 -       15/2  (0,0,0)                                                                    
          34453.89   (0.03)        9(8,2) -       10( 7,3)      23/2 -       25/2  (0,0,0)                                                                    
          34454.47   (0.03)        9(8,2) -       10( 7,3)      15/2 -       17/2  (0,0,0)                                                                    
          34455.07   (0.03)        9(8,2) -       10( 7,3)      21/2 -       23/2  (0,0,0)                                                                    
          34455.25   (0.03)        9(8,2) -       10( 7,3)      19/2 -       21/2  (0,0,0)                                                                    
          34544.00   (0.03)        9(8,1) -       10( 7,4)      13/2 -       15/2  (0,0,0)                                                                    
          34544.30   (0.03)        9(8,1) -       10( 7,4)      23/2 -       25/2  (0,0,0)                                                                    
          34544.86   (0.03)        9(8,1) -       10( 7,4)      15/2 -       17/2  (0,0,0)                                                                    
          34545.42   (0.03)        9(8,1) -       10( 7,4)      21/2 -       23/2  (0,0,0)                                                                    
          34545.66   (0.03)        9(8,1) -       10( 7,4)      19/2 -       21/2  (0,0,0)                                                                    
          66237.71   (0.03)        4(2,3) -        3( 3,0)      11/2 -        9/2  (0,0,0)                                                                    
          66239.06   (0.03)        4(2,3) -        3( 3,0)       7/2 -        5/2  (0,0,0)                                                                    
          66240.57   (0.03)        4(2,3) -        3( 3,0)      13/2 -       11/2  (0,0,0)                                                                    
          66242.26   (0.03)        4(2,3) -        3( 3,0)       3/2 -        1/2  (0,0,0)                                                                    
         123366.05   (0.06)        8(5,4) -        7( 6,1)      19/2 -       17/2  (0,0,0)                                                                    
         123367.39   (0.06)        8(5,4) -        7( 6,1)      21/2 -       19/2  (0,0,0)                                                                    
         128097.22   (0.06)        8(5,3) -        7( 6,2)      19/2 -       17/2  (0,0,0)                                                                    
         128098.61   (0.06)        8(5,3) -        7( 6,2)      21/2 -       19/2  (0,0,0)                                                                    
         135432.50   (0.06)        5(5,1) -        6( 4,2)       5/2 -        7/2  (0,0,0)                                                                    
         135433.57   (0.06)        5(5,1) -        6( 4,2)      15/2 -       17/2  (0,0,0)                                                                    
         135435.29   (0.06)        5(5,1) -        6( 4,2)      13/2 -       15/2  (0,0,0)                                                                    
         143561.15   (0.06)        5(5,0) -        6( 4,3)       5/2 -        7/2  (0,0,0)                                                                    
         143562.09   (0.06)        5(5,0) -        6( 4,3)      15/2 -       17/2  (0,0,0)                                                                    
         143564.01   (0.06)        5(5,0) -        6( 4,3)      13/2 -       15/2  (0,0,0)                                                                    
         159238.51   (0.06)        4(1,4) -        3( 2,1)      11/2 -        9/2  (0,0,0)                                                                    
         159239.56   (0.06)        4(1,4) -        3( 2,1)       7/2 -        5/2  (0,0,0)                                                                    
         159241.68   (0.06)        4(1,4) -        3( 2,1)      13/2 -       11/2  (0,0,0)                                                                    
         159243.21   (0.06)        4(1,4) -        3( 2,1)       3/2 -        1/2  (0,0,0)                                                                    
         183551.83   (0.09)        5(1,5) -        4( 2,2)      13/2 -       11/2  (0,0,0)                                                                    
         183554.34   (0.09)        5(1,5) -        4( 2,2)      15/2 -       13/2  (0,0,0)                                                                    
         236524.84   (0.09)        7(4,4) -        6( 5,1)      17/2 -       15/2  (0,0,0)                                                                    
         255077.37   (0.12)        4(2,2) -        3( 3,1)      11/2 -        9/2  (0,0,0)                                                                    
         255079.26   (0.12)        4(2,2) -        3( 3,1)      13/2 -       11/2  (0,0,0)                                                                    
         264698.58   (0.12)        7(4,3) -        6( 5,2)      17/2 -       15/2  (0,0,0)                                                                    
         311850.63   (0.12)        1(1,0) -        1( 0,1)       7/2 -        7/2  (0,0,0)                                                                    
         311852.38   (0.12)        1(1,0) -        1( 0,1)       7/2 -        5/2  (0,0,0)                                                                    
         399650.88   (0.15)        2(1,1) -        2( 0,2)       9/2 -        9/2  (0,0,0)                                                                    
         399650.88   (0.15)        2(1,1) -        2( 0,2)       7/2 -        9/2  (0,0,0)                                                                    
D_218O     8898.45   (0.03)        5(3,3) -        4( 4,0)                         (0,0,0)                                                                    
          26281.93   (0.03)       10(7,4) -        9( 8,1)                         (0,0,0)                                                                    
          26386.88   (0.03)       10(7,3) -        9( 8,2)                         (0,0,0)                                                                    
          32581.33   (0.03)        3(1,3) -        2( 2,0)                         (0,0,0)                                                                    
          50052.17   (0.03)      11(2,10) -       10( 3,7)                         (0,0,0)                                                                    
          58514.58   (0.03)        5(3,2) -        4( 4,1)                         (0,0,0)                                                                    
          95762.68   (0.06)        5(5,1) -        6( 4,2)                         (0,0,0)                                                                    
         104538.60   (0.06)        5(5,0) -        6( 4,3)                         (0,0,0)                                                                    
         127557.38   (0.06)        6(2,4) -        7( 1,7)                         (0,0,0)                                                                    
         165718.23   (0.06)        4(1,4) -        3( 2,1)                         (0,0,0)                                                                    
         175676.75   (0.09)        8(5,3) -        7( 6,2)                         (0,0,0)                                                                    
         184774.74   (0.09)        5(1,5) -        4( 2,2)                         (0,0,0)                                                                    
         207185.02   (0.09)        6(6,1) -        7( 5,2)                         (0,0,0)                                                                    
         208456.35   (0.09)        6(6,0) -        7( 5,3)                         (0,0,0)                                                                    
         275475.39   (0.12)        7(4,4) -        6( 5,1)                         (0,0,0)                                                                    
         279987.59   (0.12)        4(2,2) -        3( 3,1)                         (0,0,0)                                                                    
         288294.20   (0.12)        7(7,1) -        8( 6,2)                         (0,0,0)                                                                    
         288458.26   (0.12)        7(7,0) -        8( 6,3)                         (0,0,0)                                                                    
         305827.11   (0.12)        7(4,3) -        6( 5,2)                         (0,0,0)                                                                    
         307480.60   (0.12)        1(1,0) -        1( 0,1)                         (0,0,0)                                                                    
         376411.11   (0.15)        5(2,4) -        4( 3,1)                         (0,0,0)                                                                    
H16OT     11953.20   (0.10)        6(3,3) -        6( 3,4)                         (0,0,0)  [72048]
          16562.53   (0.10)        3(2,1) -        3( 2,2)                         (0,0,0)                                                                    
          29356.41   (0.10)        7(3,4) -        7( 3,5)                         (0,0,0)                                                                    
          30786.40   (0.10)       11(4,7) -       11( 4,8)                         (0,0,0)                                                                    
          47520.71   (0.10)        1(1,0) -        1( 1,1)                         (0,0,0)                                                                    
          48598.40   (0.10)       10(3,8) -        9( 4,5)                         (0,0,0)                                                                    
          48889.95   (0.10)        4(2,2) -        4( 2,3)                         (0,0,0)                                                                    
          56425.59   (0.10)        5(2,3) -        6( 1,6)                         (0,0,0)                                                                    
          59615.35   (0.10)       12(4,8) -       12( 4,9)                         (0,0,0)                                                                    
          62890.66   (0.10)        8(3,5) -        8( 3,6)                         (0,0,0)                                                                    
          77009.15   (0.10)       11(5,7) -       12( 4,8)                         (0,0,0)                                                                    
          88680.414  (0.06)        7(2,5) -        8( 0,8)                         (0,0,0)  [74037]
         107979.061  (0.06)       13(4,9) -      13( 4,10)                         (0,0,0)                                                                    
         110811.643  (0.06)        5(2,3) -        5( 2,4)                         (0,0,0)                                                                    
         116130.270  (0.06)        4(1,3) -        3( 2,2)                         (0,0,0)  [72048]
         116405.330  (0.06)        6(2,4) -        7( 0,7)                         (0,0,0)  [74037]
         121066.84   (0.06)        9(3,6) -        9( 3,7)                         (0,0,0)  [72048]
         121264.40   (0.06)        8(2,7) -        7( 3,4)                         (0,0,0)                                                                    
         137892.64   (0.06)       11(5,6) -       12( 4,9)                         (0,0,0)                                                                    
         142495.10   (0.06)        2(1,1) -        2( 1,2)                         (0,0,0)                                                                    
         151984.194  (0.06)        6(3,3) -        7( 2,6)                         (0,0,0)  [74037]
         172464.74   (0.09)        8(4,5) -        9( 3,6)                         (0,0,0)  [72048]
         185982.72   (0.09)        4(2,2) -        5( 1,5)                         (0,0,0)                                                                    
         211927.55   (0.09)        6(2,4) -        6( 2,5)                         (0,0,0)                                                                    
         213290.392  (0.09)       10(3,7) -       10( 3,8)                         (0,0,0)  [74037]
         214424.62   (0.09)        2(0,2) -        1( 1,1)                         (0,0,0)  [72048]
         218846.85   (0.09)        7(2,5) -        6( 3,4)                         (0,0,0)                                                                    
         230097.908  (0.09)        5(2,3) -        6( 0,6)                         (0,0,0)  [74037]
         237740.32   (0.09)        5(3,3) -        6( 2,4)                         (0,0,0)  [72048]
         252373.246  (0.12)        9(2,7) -      10( 1,10)                         (0,0,0)  [74037]
         268317.973  (0.12)       10(3,7) -        9( 4,6)                         (0,0,0)                                                                    
         284644.07   (0.12)        3(1,2) -        3( 1,3)                         (0,0,0)  [72048]
         296038.757  (0.12)        8(4,4) -        9( 3,7)                         (0,0,0)  [74037]
         320262.772  (0.15)        2(2,1) -        3( 1,2)                         (0,0,0)                                                                    
         348183.910  (0.15)       11(3,8) -       11( 3,9)                         (0,0,0)                                                                    
         348639.061  (0.15)        1(0,1) -        0( 0,0)                         (0,0,0)                                                                    
         355877.351  (0.15)        9(2,8) -        8( 3,5)                         (0,0,0)                                                                    
         358877.810  (0.15)        7(2,5) -        7( 2,6)                         (0,0,0)                                                                    
         373621.836  (0.15)        3(2,1) -        4( 1,4)                         (0,0,0)                                                                    
         379032.308  (0.15)       11(3,9) -       10( 4,6)                         (0,0,0)                                                                    
         453697.802  (0.18)        5(3,2) -        6( 2,5)                         (0,0,0)                                                                    
         473189.609  (0.18)        4(1,3) -        4( 1,4)                         (0,0,0)                                                                    
         526911.988  (0.21)        1(1,0) -        1( 0,1)                         (0,0,0)                                                                    
         569350.080  (0.21)        5(1,4) -        4( 2,3)                         (0,0,0)                                                                    
         577543.126  (0.21)        2(1,1) -        2( 0,2)                         (0,0,0)                                                                    
         597144.023  (0.30)        3(0,3) -        2( 1,2)                         (0,0,0)                                                                    
         649472.828  (0.30)        2(1,2) -        1( 1,1)                         (0,0,0)                                                                    
         693816.158  (0.30)        2(0,2) -        1( 0,1)                         (0,0,0)                                                                    
D16OT     16797.78   (0.10)        6(3,3) -        5( 4,2)                         (0,0,0)                                                                    
          38186.45   (0.10)        3(2,1) -        3( 2,2)                         (0,0,0)                                                                    
          40136.05   (0.10)        5(4,1) -        6( 3,4)                         (0,0,0)                                                                    
          51025.424  (0.03)        3(3,1) -        4( 2,2)                         (0,0,0)                                                                    
          51905.572  (0.03)        4(1,4) -        3( 2,1)                         (0,0,0)                                                                    
          88991.395  (0.06)        2(2,0) -        3( 1,3)                         (0,0,0)                                                                    
          94713.289  (0.06)        5(2,4) -        4( 3,1)                         (0,0,0)                                                                    
         101466.243  (0.06)        8(4,4) -        7( 5,3)                         (0,0,0)                                                                    
         102708.147  (0.06)        6(1,6) -        5( 2,3)                         (0,0,0)                                                                    
         107763.229  (0.06)        4(2,2) -        4( 2,3)                         (0,0,0)                                                                    
         110556.548  (0.06)        8(6,3) -        9( 5,4)                         (0,0,0)                                                                    
         114308.159  (0.06)        8(6,2) -        9( 5,5)                         (0,0,0)                                                                    
         119425.985  (0.06)        5(1,5) -        4( 2,2)                         (0,0,0)                                                                    
         129854.072  (0.06)        7(3,4) -        7( 3,5)                         (0,0,0)                                                                    
         158629.161  (0.06)        2(1,1) -        2( 1,2)                         (0,0,0)                                                                    
         159531.785  (0.06)        3(3,0) -        4( 2,3)                         (0,0,0)                                                                    
         177050.655  (0.09)        7(2,5) -        8( 1,8)                         (0,0,0)                                                                    
         194595.352  (0.09)       10(5,6) -        9( 6,3)                         (0,0,0)                                                                    
         205353.409  (0.09)       10(5,5) -        9( 6,4)                         (0,0,0)                                                                    
         221366.024  (0.09)        6(5,2) -        7( 4,3)                         (0,0,0)                                                                    
         228651.098  (0.09)        5(2,3) -        5( 2,4)                         (0,0,0)                                                                    
         230350.066  (0.09)        6(5,1) -        7( 4,4)                         (0,0,0)                                                                    
         235116.740  (0.09)        3(1,2) -        2( 2,1)                         (0,0,0)                                                                    
         248085.412  (0.12)        7(3,5) -        6( 4,2)                         (0,0,0)                                                                    
         253758.145  (0.12)        8(3,5) -        8( 3,6)                         (0,0,0)                                                                    
         290863.828  (0.12)        1(1,0) -        1( 0,1)                         (0,0,0)                                                                    
         291209.062  (0.12)        1(0,1) -        0( 0,0)                         (0,0,0)                                                                    
         314556.550  (0.12)        6(2,5) -        5( 3,2)                         (0,0,0)                                                                    
         316236.877  (0.12)        3(1,2) -        3( 1,3)                         (0,0,0)                                                                    
         316612.544  (0.12)        4(4,1) -        5( 3,2)                         (0,0,0)                                                                    
         328477.447  (0.15)        5(2,3) -        4( 3,2)                         (0,0,0)                                                                    
         336465.493  (0.15)        2(0,2) -        1( 1,1)                         (0,0,0)                                                                    
         336494.646  (0.15)        4(4,0) -        5( 3,3)                         (0,0,0)                                                                    
         351658.116  (0.15)        2(1,1) -        2( 0,2)                         (0,0,0)                                                                    
         380461.686  (0.15)        7(3,4) -        6( 4,3)                         (0,0,0)                                                                    
         380780.494  (0.15)        9(4,6) -        8( 5,3)                         (0,0,0)                                                                    
         443970.391  (0.18)        9(4,5) -        8( 5,4)                         (0,0,0)                                                                    
         455915.048  (0.18)        3(1,2) -        3( 0,3)                         (0,0,0)                                                                    
         482874.751  (0.18)        7(2,6) -        6( 3,3)                         (0,0,0)                                                                    
         518999.582  (0.21)        8(3,6) -        7( 4,3)                         (0,0,0)                                                                    
         529165.461  (0.21)        1(1,1) -        0( 0,0)                         (0,0,0)                                                                    
         612661.581  (0.30)        4(1,3) -        3( 2,2)                         (0,0,0)                                                                    
         612999.562  (0.30)        4(1,3) -        4( 0,4)                         (0,0,0)                                                                    
         676566.044  (0.30)        3(2,1) -        3( 1,2)                         (0,0,0)                                                                    
T_216O    55476.17   (0.03)        2(2,0) -        3( 1,3)                         (0,0,0)  [72048]
          59651.20   (0.03)        4(1,4) -        3( 2,1)                         (0,0,0)                                                                    
          71474.10   (0.03)        6(3,3) -        5( 4,2)                         (0,0,0)                                                                    
          88572.829  (0.06)        6(1,6) -        5( 2,3)                         (0,0,0)  [73058]
          98341.697  (0.06)        3(3,0) -        4( 2,3)                         (0,0,0)                                                                    
         104033.722  (0.06)       11(6,6) -       10( 7,3)                         (0,0,0)                                                                    
         105665.015  (0.06)       11(6,5) -       10( 7,4)                         (0,0,0)                                                                    
         110559.438  (0.06)        5(1,5) -        4( 2,2)                         (0,0,0)                                                                    
         113867.814  (0.06)        5(2,4) -        4( 3,1)                         (0,0,0)                                                                    
         118267.919  (0.06)        6(5,2) -        7( 4,3)                         (0,0,0)                                                                    
         127190.298  (0.06)        6(5,1) -        7( 4,4)                         (0,0,0)                                                                    
         151748.917  (0.06)        9(7,3) -       10( 6,4)                         (0,0,0)                                                                    
         152252.873  (0.06)        9(7,2) -       10( 6,5)                         (0,0,0)                                                                    
         156035.976  (0.06)        8(4,4) -        7( 5,3)                         (0,0,0)                                                                    
         164473.211  (0.09)        7(2,5) -        8( 1,8)                         (0,0,0)                                                                    
         212606.619  (0.09)        4(4,1) -        5( 3,2)                         (0,0,0)                                                                    
         222756.07   (0.09)        3(1,2) -        2( 2,1)                         (0,0,0)  [72048]
         231386.797  (0.09)        4(4,0) -        5( 3,3)                         (0,0,0)  [73058]
         238434.50   (0.09)        1(1,0) -        1( 0,1)                         (0,0,0)  [72048]
         244191.923  (0.12)       10(5,6) -        9( 6,3)                         (0,0,0)  [73058]
         255351.462  (0.12)       10(5,5) -        9( 6,4)                         (0,0,0)                                                                    
         259297.645  (0.12)        7(3,5) -        6( 4,2)                         (0,0,0)                                                                    
         265426.974  (0.12)      11(2,10) -       10( 3,7)                         (0,0,0)                                                                    
         271832.579  (0.12)       10(8,3) -       11( 7,4)                         (0,0,0)                                                                    
         271890.246  (0.12)       10(8,2) -       11( 7,5)                         (0,0,0)                                                                    
         272210.475  (0.12)        7(6,2) -        8( 5,3)                         (0,0,0)                                                                    
         273375.898  (0.12)        7(6,1) -        8( 5,4)                         (0,0,0)                                                                    
         290949.739  (0.12)        2(1,1) -        2( 0,2)                         (0,0,0)                                                                    
         291559.959  (0.12)        2(0,2) -        1( 1,1)                         (0,0,0)                                                                    
         294861.853  (0.12)        6(2,5) -        5( 3,2)                         (0,0,0)                                                                    
         321804.342  (0.15)        5(2,3) -        4( 3,2)                         (0,0,0)                                                                    
         362915.855  (0.15)       12(6,7) -       11( 7,4)                         (0,0,0)                                                                    
         381138.787  (0.15)        5(5,1) -        6( 4,2)                         (0,0,0)                                                                    
         381371.073  (0.15)        3(1,2) -        3( 0,3)                         (0,0,0)                                                                    
         382676.413  (0.15)        7(3,4) -        6( 4,3)                         (0,0,0)                                                                    
         383658.221  (0.15)        5(5,0) -        6( 4,3)                         (0,0,0)                                                                    
         386705.220  (0.15)        9(4,6) -        8( 5,3)                         (0,0,0)                                                                    
         406009.486  (0.18)        8(7,2) -        9( 6,3)                         (0,0,0)                                                                    
         417701.411  (0.18)       10(2,9) -        9( 3,6)                         (0,0,0)                                                                    
         429290.199  (0.18)        7(2,6) -        6( 3,3)                         (0,0,0)                                                                    
         438971.144  (0.18)        1(1,1) -        0( 0,0)                         (0,0,0)                                                                    
         448637.909  (0.18)        9(4,5) -        8( 5,4)                         (0,0,0)                                                                    
         484020.760  (0.21)        8(3,6) -        7( 4,3)                         (0,0,0)                                                                    
         532458.020  (0.24)        4(2,2) -        4( 1,3)                         (0,0,0)                                                                    
         541681.258  (0.24)        4(1,3) -        3( 2,2)                         (0,0,0)                                                                    
         549412.662  (0.24)        3(2,1) -        3( 1,2)                         (0,0,0)                                                                    
         549846.414  (0.24)        5(2,3) -        5( 1,4)                         (0,0,0)                                                                    
         555193.929  (0.24)        3(0,3) -        2( 1,2)                         (0,0,0)                                                                    
         584865.821  (0.30)        2(2,0) -        2( 1,1)                         (0,0,0)                                                                    
         612876.470  (0.30)        6(2,4) -        6( 1,5)                         (0,0,0)                                                                    
         639534.877  (0.30)        2(1,2) -        1( 0,1)                         (0,0,0)                                                                    
H17OD      8817.35   (0.10)        7(4,3) -        7( 4,4)                         (0,0,0)  [71038]
           9172.80   (0.10)       10(5,5) -       10( 5,6)                         (0,0,0)                                                                    
          10374.31   (0.10)        2(2,0) -        2( 2,1)       9/2 -        9/2  (0,0,0)  [57010]
          10374.56   (*0.10)       2(2,0) -        2( 2,1)                         (0,0,0)                                                                    
          14597.65   (0.10)        3(2,1) -        4( 1,4)                         (0,0,0)  [71038]
          14599.17   (0.10)        3(2,1) -        4( 1,4)                         (0,0,0)                                                                    
          14599.43   (0.10)        3(2,1) -        4( 1,4)                         (0,0,0)                                                                    
          14599.64   (0.10)        3(2,1) -        4( 1,4)                         (0,0,0)                                                                    
          14601.10   (0.10)        3(2,1) -        4( 1,4)                         (0,0,0)                                                                    
          14602.04   (0.10)        3(2,1) -        4( 1,4)                         (0,0,0)                                                                    
          14602.37   (0.10)        3(2,1) -        4( 1,4)                         (0,0,0)                                                                    
          22716.80   (0.10)        5(3,2) -        5( 3,3)                         (0,0,0)                                                                    
          23440.046  (0.10)       11(5,6) -       11( 5,7)                         (0,0,0)                                                                    
          24698.586  (0.10)        7(1,7) -        6( 2,4)                         (0,0,0)                                                                    
          24699.322  (0.10)        7(1,7) -        6( 2,4)                         (0,0,0)                                                                    
          24700.718  (0.10)        7(1,7) -        6( 2,4)                         (0,0,0)                                                                    
          24701.892  (0.10)        7(1,7) -        6( 2,4)                         (0,0,0)                                                                    
          24702.675  (0.10)        7(1,7) -        6( 2,4)                         (0,0,0)                                                                    
          25576.42   (0.10)        8(4,4) -        8( 4,5)                         (0,0,0)                                                                    
          48713.700  (0.10)        4(3,1) -        5( 2,4)                         (0,0,0)                                                                    
          48714.437  (0.10)        4(3,1) -        5( 2,4)                         (0,0,0)                                                                    
          48714.774  (0.10)        4(3,1) -        5( 2,4)                         (0,0,0)                                                                    
          48715.175  (0.10)        4(3,1) -        5( 2,4)                         (0,0,0)                                                                    
          48715.700  (0.10)        4(3,1) -        5( 2,4)                         (0,0,0)                                                                    
          48716.016  (0.10)        4(3,1) -        5( 2,4)                         (0,0,0)                                                                    
          48716.301  (0.10)        4(3,1) -        5( 2,4)                         (0,0,0)                                                                    
          50690.104  (0.10)        3(2,1) -        3( 2,2)                         (0,0,0)                                                                    
          50690.561  (0.10)        3(2,1) -        3( 2,2)                         (0,0,0)                                                                    
          63394.332  (0.10)        9(4,5) -        9( 4,6)                         (0,0,0)                                                                    
          65579.878  (0.10)        6(3,3) -        6( 3,4)                         (0,0,0)                                                                    
          72070.32   (0.10)        6(0,6) -        5( 2,3)                         (0,0,0)                                                                    
          72070.94   (0.10)        6(0,6) -        5( 2,3)                         (0,0,0)                                                                    
          72072.55   (0.10)        6(0,6) -        5( 2,3)                         (0,0,0)                                                                    
          72073.50   (0.10)        6(0,6) -        5( 2,3)                         (0,0,0)                                                                    
          72074.30   (0.10)        6(0,6) -        5( 2,3)                         (0,0,0)                                                                    
          80600.230  (0.10)        1(1,0) -        1( 1,1)                         (0,0,0)                                                                    
          80600.926  (0.10)        1(1,0) -        1( 1,1)                         (0,0,0)                                                                    
          80601.318  (0.10)        1(1,0) -        1( 1,1)                         (0,0,0)                                                                    
          80601.775  (0.10)        1(1,0) -        1( 1,1)                         (0,0,0)                                                                    
          80603.217  (0.10)        1(1,0) -        1( 1,1)                         (0,0,0)                                                                    
          80603.547  (0.10)        1(1,0) -        1( 1,1)                         (0,0,0)                                                                    
         124250.848  (0.10)        5(1,5) -        4( 2,2)                         (0,0,0)                                                                    
         124251.634  (0.10)        5(1,5) -        4( 2,2)                         (0,0,0)                                                                    
         124253.258  (0.10)        5(1,5) -        4( 2,2)                         (0,0,0)                                                                    
         124254.075  (0.10)        5(1,5) -        4( 2,2)                         (0,0,0)                                                                    
         124255.200  (0.10)        5(1,5) -        4( 2,2)                         (0,0,0)                                                                    
         138348.654  (0.10)       10(4,6) -       10( 4,7)                         (0,0,0)                                                                    
         139237.861  (0.10)        6(1,6) -        5( 2,3)                         (0,0,0)                                                                    
         139238.584  (0.10)        6(1,6) -        5( 2,3)                         (0,0,0)                                                                    
         139240.132  (0.10)        6(1,6) -        5( 2,3)                         (0,0,0)                                                                    
         139241.103  (0.10)        6(1,6) -        5( 2,3)                         (0,0,0)                                                                    
         139242.010  (0.10)        6(1,6) -        5( 2,3)                         (0,0,0)                                                                    
         144932.098  (0.10)        4(2,2) -        4( 2,3)                         (0,0,0)                                                                    
         144932.852  (0.10)        4(2,2) -        4( 2,3)                         (0,0,0)                                                                    
         145195.756  (0.10)        7(3,4) -        7( 3,5)                         (0,0,0)                                                                    
         233919.888  (0.10)        3(1,2) -        2( 2,1)                         (0,0,0)                                                                    
         233921.286  (0.10)        3(1,2) -        2( 2,1)                         (0,0,0)                                                                    
         241632.672  (0.10)        2(1,1) -        2( 1,2)                         (0,0,0)                                                                    
         241634.238  (0.10)        2(1,1) -        2( 1,2)                         (0,0,0)                                                                    
         241635.771  (0.10)        2(1,1) -        2( 1,2)                         (0,0,0)                                                                    
         241636.455  (0.10)        2(1,1) -        2( 1,2)                         (0,0,0)                                                                    
H18OD      5902.38   (0.10)        4(4,1) -        4( 3,2)                         (0,0,0)                                                                    
           9032.2    (0.2)         7(4,3) -        7( 4,4)                         (0,0,0)                                                                    
           9477.1    (0.2)        10(5,5) -       10( 5,6)                         (0,0,0)                                                                    
           9526.6    (0.2)         3(2,1) -        4( 1,4)                         (0,0,0)                                                                    
          10458.6    (0.2)         2(2,0) -        2( 2,1)                         (0,0,0)                                                                    
          22733.2    (0.2)         7(1,7) -        6( 2,4)                         (0,0,0)                                                                    
          23080.25   (0.10)        5(3,2) -        5( 3,3)                         (0,0,0)                                                                    
          24218.4    (0.2)        11(5,6) -       11( 5,7)                         (0,0,0)                                                                    
          26196.85   (0.10)        8(4,4) -        8( 4,5)                         (0,0,0)                                                                    
          37889.87   (0.10)        4(3,1) -        5( 2,4)                         (0,0,0)                                                                    
          51087.68   (0.10)        3(2,1) -        3( 2,2)                         (0,0,0)                                                                    
          55658.94   (0.10)       12(5,7) -       12( 5,8)                         (0,0,0)                                                                    
          64908.69   (0.10)        9(4,5) -        9( 4,6)                         (0,0,0)                                                                    
          66601.94   (0.10)        6(3,3) -        6( 3,4)                         (0,0,0)                                                                    
          74187.30   (0.10)        6(0,6) -        5( 2,3)                         (0,0,0)                                                                    
          80616.30   (0.10)        1(1,0) -        1( 1,1)                         (0,0,0)                                                                    
         121185.97   (0.15)        7(3,5) -        6( 4,2)                         (0,0,0)                                                                    
         127224.80   (0.15)        5(1,5) -        4( 2,2)                         (0,0,0)                                                                    
         139788.66   (0.15)        6(1,6) -        5( 2,3)                         (0,0,0)                                                                    
         141550.34   (0.15)       10(4,6) -       10( 4,7)                         (0,0,0)                                                                    
         145984.85   (0.15)        4(2,2) -        4( 2,3)                         (0,0,0)                                                                    
         156478.35   (0.15)        7(3,4) -        7( 3,5)                         (0,0,0)                                                                    
         212375.51   (0.20)        7(5,3) -        8( 4,4)                         (0,0,0)                                                                    
         216553.11   (0.20)        7(2,5) -        8( 1,8)                         (0,0,0)                                                                    
         238797.23   (0.20)        7(5,2) -        8( 4,5)                         (0,0,0)                                                                    
         240872.00   (0.20)        3(1,2) -        2( 2,1)                         (0,0,0)                                                                    
         241680.38   (0.20)        2(1,1) -        2( 1,2)                         (0,0,0)                                                                    