 2000.052539 1.326E-29
 2000.299249 5.960E-26
 2000.420479 2.777E-30
 2000.888060 1.414E-26
 2002.114985 1.296E-25
 2003.514971 1.522E-22
 2003.667981 1.488E-22
 2003.977307 8.032E-29
 2004.014005 1.502E-29
 2004.280378 3.961E-23
 2004.335289 3.065E-30
 2004.478074 7.754E-26
 2005.019803 1.799E-26
 2006.783612 2.056E-25
 2007.876719 2.198E-22
 2007.944235 1.660E-29
 2008.218904 3.292E-30
 2008.421529 1.126E-28
 2008.525448 2.616E-22
 2008.594687 5.598E-23
 2008.626464 9.878E-26
 2009.121149 2.240E-26
 2011.421043 3.201E-25
 2011.843095 1.784E-29
 2012.071192 3.431E-30
 2012.208699 3.111E-22
 2012.744285 1.231E-25
 2012.833683 1.545E-28
 2012.879261 7.756E-23
 2013.191963 2.729E-26
 2013.352446 4.512E-22
 2015.710450 1.860E-29
 2015.892021 3.459E-30
 2016.027134 4.882E-25
 2016.510779 4.316E-22
 2016.831404 1.500E-25
 2017.133966 1.054E-22
 2017.213621 2.077E-28
 2017.232113 3.250E-26
 2018.148830 7.633E-22
 2019.546167 1.877E-29
 2019.681257 3.357E-30
 2020.601738 7.300E-25
 2020.782823 5.868E-22
 2020.887686 1.788E-25
 2021.241466 3.779E-26
 2021.358670 1.401E-22
 2021.561199 2.732E-28
 2022.914455 1.266E-21
 2023.350111 1.822E-29
 2023.438766 3.112E-30
 2024.912998 2.083E-25
 2025.024699 7.817E-22
 2025.144711 1.070E-24
 2025.219890 4.288E-26
 2025.553241 1.826E-22
 2025.876269 3.518E-28
 2027.122148 1.691E-29
 2027.164416 2.722E-30
 2027.649176 2.060E-21
 2028.907205 2.365E-25
 2029.167250 4.742E-26
 2029.236273 1.020E-21
 2029.655904 1.536E-24
 2029.717545 2.328E-22
 2030.158686 4.431E-28
 2030.858074 2.194E-30
 2030.862144 1.479E-29
 2032.352848 3.284E-21
 2032.870174 2.617E-25
 2033.083415 5.101E-26
 2033.417411 1.302E-21
 2033.851449 2.907E-22
 2034.135174 2.160E-24
 2034.408303 5.455E-28
 2034.519606 1.544E-30
 2034.569965 1.192E-29
 2036.801770 2.817E-25
 2036.968251 5.324E-26
 2037.025324 5.134E-21
 2037.567979 1.628E-21
 2037.954822 3.549E-22
 2038.148880 8.011E-31
 2038.245476 8.393E-30
 2038.582374 2.975E-24
 2038.624974 6.559E-28
 2040.701859 2.942E-25
 2040.821624 5.375E-26
 2041.666460 7.865E-21
 2041.687842 1.989E-21
 2041.888544 4.354E-30
 2042.027528 4.236E-22
 2042.808552 7.699E-28
 2042.997357 4.012E-24
 2044.570307 2.971E-25
 2044.643402 5.222E-26
 2045.310117 8.183E-31
 2045.776868 2.376E-21
 2046.069436 4.936E-22
 2046.276109 1.181E-20
 2046.958891 8.811E-28
 2047.379978 5.296E-24
 2048.406981 2.888E-25
 2048.433452 4.847E-26
 2048.841815 1.611E-30
 2049.076812 4.448E-30
 2049.834922 2.771E-21
 2050.080413 5.612E-22
 2050.854126 1.738E-20
 2051.075844 9.820E-28
 2051.730090 6.838E-24
 2052.191640 4.243E-26
 2052.211745 2.682E-25
 2052.340722 2.338E-30
 2052.621743 8.757E-30
 2053.861869 3.154E-21
 2054.060325 6.217E-22
 2055.159265 1.063E-27
 2055.400364 2.504E-20
 2055.806703 2.964E-30
 2055.917833 3.422E-26
 2055.984465 2.348E-25
 2056.047547 8.636E-24
 2056.133695 1.270E-29
 2057.857576 3.497E-21
 2058.009039 6.698E-22
 2059.209006 1.117E-27
 2059.239627 3.460E-30
 2059.611897 2.410E-26
 2059.612531 1.610E-29
 2059.725008 1.894E-25
 2059.914677 3.535E-20
 2060.332203 1.066E-23
 2061.821909 3.770E-21
 2061.926422 7.001E-22
 2062.639359 3.812E-30
 2063.058119 1.880E-29
 2063.224922 1.135E-27
 2063.273701 1.250E-26
 2063.433239 1.335E-25
 2064.396920 4.885E-20
 2064.583910 1.285E-23
 2065.754733 3.943E-21
 2065.812341 7.078E-22
 2066.005768 4.012E-30
 2066.470323 2.070E-29
 2067.109024 6.926E-26
 2067.206865 1.107E-27
 2068.802522 1.511E-23
 2068.846945 6.609E-20
 2069.338719 4.064E-30
 2069.655913 3.988E-21
 2069.666663 6.884E-22
 2069.849011 2.178E-29
 2070.499992 1.278E-26
 2071.154689 1.033E-27
 2072.638079 3.983E-30
 2072.987893 1.734E-23
 2073.194046 2.205E-29
 2073.264607 8.750E-20
 2073.489253 6.396E-22
 2073.525317 3.881E-21
 2074.064212 2.516E-26
 2074.362719 7.076E-26
 2075.068247 9.071E-28
 2075.903716 3.788E-30
 2076.505297 2.160E-29
 2077.139876 1.936E-23
 2077.279980 5.604E-22
 2077.362810 3.607E-21
 2077.595639 3.649E-26
 2077.649758 1.133E-19
 2077.940360 1.393E-25
 2078.947391 7.335E-28
 2079.135496 3.504E-30
 2079.782628 2.053E-29
 2081.038710 4.522E-22
 2081.094138 4.624E-26
 2081.168256 3.161E-21
 2081.258324 2.100E-23
 2081.485018 2.021E-25
 2082.002253 1.435E-19
 2082.333287 3.160E-30
 2082.791976 5.176E-28
 2083.025905 1.898E-29
 2084.559577 5.395E-26
 2084.765310 3.186E-22
 2084.941523 2.552E-21
 2084.996559 2.560E-25
 2085.343090 2.210E-23
 2085.496955 2.781E-30
 2086.234994 1.710E-29
 2086.321945 1.776E-19
 2086.601854 2.690E-28
 2087.991822 5.939E-26
 2088.459646 1.654E-22
 2088.474849 2.986E-25
 2088.626367 2.391E-30
 2088.682476 1.798E-21
 2089.394028 2.246E-23
 2089.409761 1.504E-29
 2090.608687 2.145E-19
 2091.390740 6.245E-26
 2091.721391 2.010E-30
 2091.919753 3.286E-25
 2092.390980 9.337E-22
 2092.550073 1.292E-29
 2093.410991 2.196E-23
 2094.116902 2.750E-28
 2094.756199 6.319E-26
 2094.781893 1.652E-30
 2094.862333 2.529E-19
 2095.331137 3.454E-25
 2095.655795 1.085E-29
 2095.750994 1.691E-22
 2097.393832 2.049E-23
 2097.807742 1.330E-30
 2097.821778 5.411E-28
 2098.088065 6.185E-26
 2098.708868 3.494E-25
 2098.726794 8.912E-30
 2099.082735 2.908E-19
 2099.347740 3.327E-22
 2099.710106 9.542E-22
 2100.798803 1.049E-30
 2101.342404 1.802E-23
 2101.386206 5.874E-26
 2101.491360 7.838E-28
 2101.762935 7.167E-30
 2102.052810 3.417E-25
 2102.911690 4.826E-22
 2103.269747 3.253E-19
 2103.320459 1.879E-21
 2103.754944 8.100E-31
 2104.650487 5.427E-26
 2104.764084 5.644E-30
 2105.125500 9.908E-28
 2105.256560 1.458E-23
 2105.362831 3.244E-25
 2106.442709 6.111E-22
 2106.676032 6.132E-31
 2106.897827 2.723E-21
 2107.423222 3.535E-19
 2107.730109 4.353E-30
 2107.880777 4.886E-26
 2108.638796 2.995E-25
 2108.724053 1.153E-27
 2109.136154 1.030E-23
 2109.561936 4.550E-31
 2109.940667 7.128E-22
 2110.442076 3.449E-21
 2110.660874 3.291E-30
 2111.076942 4.291E-26
 2111.543014 3.725E-19
 2111.880571 2.694E-25
 2112.286871 1.265E-27
 2112.412521 3.310E-31
 2112.981038 5.354E-24
 2113.405428 7.840E-22
 2113.556247 2.439E-30
 2113.953071 4.021E-21
 2114.238849 3.682E-26
 2115.088022 2.365E-25
 2115.227656 2.363E-31
 2115.628975 3.793E-19
 2115.813807 1.324E-27
 2116.416094 1.773E-30
 2116.836860 8.236E-22
 2117.366366 3.088E-26
 2117.430678 4.422E-21
 2118.007208 1.654E-31
 2118.261016 2.027E-25
 2119.240282 1.263E-30
 2119.304715 1.334E-27
 2119.680959 3.713E-19
 2120.234831 8.326E-22
 2120.459360 2.533E-26
 2120.566089 5.474E-24
 2120.751045 1.136E-31
 2120.874763 4.643E-21
 2121.399417 1.698E-25
 2122.028675 8.828E-31
 2122.759447 1.298E-27
 2123.517698 2.034E-26
 2123.599206 8.139E-22
 2123.698818 3.468E-19
 2124.285192 4.691E-21
 2124.305963 1.077E-23
 2124.503094 1.392E-25
 2124.781142 6.054E-31
 2126.177857 1.225E-27
 2126.541247 1.599E-26
 2126.929854 7.719E-22
 2127.497549 4.074E-31
 2127.571911 1.116E-25
 2127.661831 4.583E-21
 2127.682406 3.052E-19
 2128.010540 1.559E-23
 2129.529876 1.232E-26
 2129.559799 1.124E-27
 2130.177762 2.690E-31
 2130.226641 7.122E-22
 2130.605736 8.769E-26
 2131.004545 4.345E-21
 2131.631576 2.472E-19
 2131.679673 1.971E-23
 2132.483450 9.298E-27
 2132.821649 1.743E-31
 2132.905125 1.004E-27
 2133.489434 6.400E-22
 2133.604434 6.746E-26
 2134.313202 4.005E-21
 2135.313215 2.292E-23
 2135.401838 6.879E-27
 2135.429075 1.109E-31
 2135.546180 1.746E-19
 2136.213688 8.743E-28
 2136.567873 5.085E-26
 2136.718100 5.611E-22
 2137.587667 3.598E-21
 2138.284908 4.989E-27
 2138.911020 2.512E-23
 2139.426073 9.083E-20
 2139.485343 7.431E-28
 2139.495917 3.756E-26
 2139.912507 4.805E-22
 2140.827807 3.152E-21
 2141.132526 3.549E-27
 2142.388435 2.720E-26
 2142.472940 2.627E-23
 2142.719943 6.172E-28
 2143.072522 4.021E-22
 2143.944561 2.475E-27
 2144.033486 2.696E-21
 2145.245292 1.933E-26
 2145.917341 5.010E-28
 2145.998829 2.643E-23
 2146.198012 3.291E-22
 2146.720880 1.693E-27
 2147.081134 9.290E-20
 2147.204573 2.254E-21
 2148.066355 1.346E-26
 2149.077390 3.978E-28
 2149.288845 2.636E-22
 2149.461351 1.137E-27
 2149.488540 2.569E-23
 2150.340932 1.843E-21
 2150.851491 9.194E-27
 2150.856008 1.828E-19
 2152.165842 7.490E-28
 2152.199945 3.090E-28
 2152.344888 2.068E-22
 2152.941927 2.421E-23
 2153.442431 1.475E-21
 2153.600567 6.162E-27
 2154.595583 2.646E-19
 2154.834220 4.843E-28
 2155.284858 2.350E-28
 2155.366008 1.588E-22
 2156.313449 4.052E-27
 2156.358842 2.217E-23
 2156.508936 1.155E-21
 2157.466355 3.073E-28
 2158.299712 3.342E-19
 2158.331984 1.750E-28
 2158.352074 1.195E-22
 2158.990005 2.616E-27
 2159.540313 8.861E-22
 2159.739140 1.977E-23
 2160.062113 1.914E-28
 2161.302952 8.811E-23
 2161.341176 1.277E-28
 2161.630101 1.656E-27
 2161.968247 3.884E-19
 2162.536428 6.660E-22
 2162.621363 1.170E-28
 2163.082673 1.718E-23
 2164.218511 6.370E-23
 2164.233604 1.030E-27
 2164.312288 9.122E-29
 2165.143971 7.026E-29
 2165.497150 4.905E-22
 2165.601042 4.253E-19
 2166.389295 1.457E-23
 2166.800382 6.285E-28
 2167.098617 4.515E-23
 2167.245173 6.388E-29
 2167.629809 4.141E-29
 2168.422343 3.541E-22
 2169.197950 4.444E-19
 2169.330300 3.765E-28
 2169.658860 1.207E-23
 2169.943140 3.138E-23
 2170.078744 2.397E-29
 2170.139686 4.385E-29
 2171.311876 2.506E-22
 2171.823228 2.215E-28
 2172.490643 1.362E-29
 2172.751947 2.139E-23
 2172.758825 4.465E-19
 2172.891222 9.778E-24
 2172.995681 2.950E-29
 2174.165614 1.739E-22
 2174.279032 1.279E-28
 2174.865375 7.605E-30
 2175.524906 1.431E-23
 2175.813011 1.946E-29
 2176.086233 7.743E-24
 2176.283519 4.335E-19
 2176.697579 7.253E-29
 2176.983424 1.184E-22
 2177.202810 4.169E-30
 2178.261885 9.387E-24
 2178.591531 1.259E-29
 2179.078737 4.039E-29
 2179.243748 5.999E-24
 2179.502814 2.245E-30
 2179.765175 7.902E-23
 2179.771887 4.079E-19
 2180.962752 6.044E-24
 2181.331094 7.986E-30
 2181.422374 2.209E-29
 2181.765258 1.188E-30
 2182.363620 4.548E-24
 2182.510731 5.175E-23
 2183.223781 3.729E-19
 2183.627375 3.818E-24
 2183.728356 1.187E-29
 2183.990009 6.169E-31
 2184.031555 4.970E-30
 2185.219962 3.326E-23
 2185.445703 3.376E-24
 2185.996552 6.260E-30
 2186.176936 3.149E-31
 2186.255623 2.368E-24
 2186.639055 3.319E-19
 2186.692768 3.033E-30
 2187.892734 2.097E-23
 2188.226829 3.244E-30
 2188.325909 1.579E-31
 2188.489851 2.454E-24
 2188.847364 1.441E-24
 2189.314587 1.816E-30
 2190.017563 2.879E-19
 2190.419055 1.651E-30
 2190.528913 1.298E-23
 2191.402465 8.608E-25
 2191.495919 1.747E-24
 2191.896867 1.067E-30
 2192.573097 8.259E-31
 2193.128369 7.884E-24
 2193.359157 2.437E-19
 2193.920796 5.049E-25
 2194.439462 6.149E-31
 2194.463759 1.219E-24
 2194.688824 4.058E-31
 2195.690966 4.700E-24
 2196.402226 2.907E-25
 2196.663693 2.015E-19
 2196.766104 1.959E-31
 2196.942226 3.478E-31
 2197.393227 8.338E-25
 2198.216574 2.751E-24
 2198.846623 1.643E-25
 2199.405015 1.931E-31
 2199.931023 1.627E-19
 2200.284176 5.587E-25
 2200.705061 1.581E-24
 2201.253856 9.124E-26
 2201.827683 1.052E-31
 2203.136460 3.670E-25
 2203.156293 8.914E-25
 2203.161001 1.285E-19
 2203.623793 4.974E-26
 2205.570138 4.937E-25
 2205.949934 2.364E-25
 2205.956304 2.663E-26
 2206.353482 9.927E-20
 2207.946465 2.685E-25
 2208.251257 1.400E-26
 2208.724452 1.493E-25
 2209.508319 7.504E-20
 2210.285140 1.434E-25
 2210.508522 7.229E-27
 2211.459869 9.246E-26
 2212.586033 7.520E-26
 2212.625365 5.553E-20
 2212.727967 3.667E-27
 2214.156039 5.616E-26
 2214.849010 3.873E-26
 2214.909461 1.827E-27
 2215.704476 4.023E-20
 2216.812816 3.346E-26
 2217.052875 8.942E-28
 2217.073941 1.959E-26
 2218.745505 2.855E-20
 2219.158076 4.300E-28
 2219.260693 9.736E-27
 2219.430056 1.955E-26
 2221.224935 2.032E-28
 2221.409134 4.752E-27
 2221.748306 1.985E-20
 2222.007612 1.121E-26
 2223.253321 9.427E-29
 2223.519133 2.278E-27
 2224.545341 6.306E-27
 2224.712734 1.351E-20
 2225.243104 4.298E-29
 2225.590558 1.073E-27
 2227.043097 3.480E-27
 2227.194152 1.926E-29
 2227.623278 4.966E-28
 2227.638643 9.022E-21
 2229.106336 8.480E-30
 2229.500734 1.885E-27
 2229.617160 2.257E-28
 2230.525888 5.902E-21
 2230.979525 3.669E-30
 2231.572074 1.008E-28
 2231.918108 1.002E-27
 2232.813589 1.560E-30
 2233.374323 3.785E-21
 2233.487889 4.426E-29
 2234.295073 5.224E-28
 2234.608398 6.518E-31
 2235.364472 1.908E-29
 2236.183803 2.379E-21
 2236.363822 2.676E-31
 2236.631486 2.674E-28
 2237.201693 8.087E-30
 2238.079730 1.081E-31
 2238.927200 1.344E-28
 2238.954182 1.467E-21
 2238.999420 3.368E-30
 2240.757523 1.379E-30
 2241.182072 6.626E-29
 2241.685315 8.865E-22
 2242.475869 5.545E-31
 2243.395957 3.208E-29
 2244.154329 2.192E-31
 2244.377056 5.255E-22
 2245.568710 1.524E-29
 2247.029262 3.055E-22
 2247.700187 7.112E-30
 2249.641788 1.742E-22
 2249.790242 3.258E-30
 2251.838733 1.465E-30
 2252.214487 9.745E-23
 2253.845514 6.470E-31
 2254.747216 5.348E-23
 2255.810441 2.806E-31
 2257.239829 2.879E-23
 2257.733370 1.195E-31
 2259.692183 1.521E-23
 2262.104132 7.883E-24
 2264.475532 4.009E-24
 2266.806239 2.001E-24
 2269.096108 9.800E-25
 2271.344996 4.713E-25
 2273.552757 2.224E-25
 2275.719249 1.030E-25
 2277.844326 4.683E-26
 2279.927846 2.090E-26
 2281.969664 9.160E-27
 2283.969636 3.941E-27
 2285.927619 1.665E-27
 2287.843469 6.904E-28
 2289.717042 2.812E-28
 2291.548195 1.124E-28
 2293.336784 4.416E-29
 2295.082667 1.703E-29
 2296.785698 6.450E-30
 2298.445736 2.400E-30
 2300.062637 8.770E-31
 2301.636256 3.148E-31
 2303.166452 1.110E-31
