 52 2000.052539 1.326E-29 4.327E+01.05690.062 4448.30300.74-.002736              3              2                    P 12      475663 510 5 5 1 8    46.0   50.0
 52 2000.299249 5.960E-26 2.851E+01.05240.056 2718.40470.68-.002828              2              1                    P 18      475663 510 5 5 1 8    70.0   74.0
 53 2000.420479 2.777E-30 4.337E+01.05770.063 4396.32360.75-.002699              3              2                    P 11      475663 510 5 5 1 8    21.0   23.0
 53 2000.888060 1.414E-26 2.852E+01.05310.057 2646.90500.69-.002822              2              1                    P 17      475663 510 5 5 1 8    33.0   35.0
 51 2002.114985 1.296E-25 2.901E+01.04650.049 3579.97510.67-.002819              2              1                    P 27      475623 510 5 5 1 8    53.0   55.0
 52 2003.514971 1.522E-22 1.426E+01.04900.052 1012.85700.67-.002829              1              0                    P 23      475623 510 5 5 1 8    90.0   94.0
 51 2003.667981 1.488E-22 1.452E+01.04380.046 2023.37150.67-.002810              1              0                    P 32      475623 510 5 5 1 8    63.0   65.0
 51 2003.977307 8.032E-29 4.376E+01.05030.053 5130.79260.67-.002832              3              2                    P 21      475663 510 5 5 1 8    41.0   43.0
 52 2004.014005 1.502E-29 4.370E+01.05770.063 4405.01550.75-.002699              3              2                    P 11      475663 510 5 5 1 8    42.0   46.0
 53 2004.280378 3.961E-23 1.426E+01.04960.053  925.05570.67-.002831              1              0                    P 22      475623 510 5 5 1 8    43.0   45.0
 53 2004.335289 3.065E-30 4.385E+01.05860.064 4356.78720.75-.002651              3              2                    P 10      475663 510 5 5 1 8    19.0   21.0
 52 2004.478074 7.754E-26 2.873E+01.05310.057 2652.95710.69-.002822              2              1                    P 17      475663 510 5 5 1 8    66.0   70.0
 53 2005.019803 1.799E-26 2.875E+01.05380.058 2585.31370.70-.002814              2              1                    P 16      475663 510 5 5 1 8    31.0   33.0
 51 2006.783612 2.056E-25 2.922E+01.04710.050 3477.58510.67-.002822              2              1                    P 26      475623 510 5 5 1 8    51.0   53.0
 52 2007.876719 2.198E-22 1.437E+01.04960.053  928.58230.67-.002831              1              0                    P 22      475623 510 5 5 1 8    86.0   90.0
 52 2007.944235 1.660E-29 4.416E+01.05860.064 4365.32960.75-.002651              3              2                    P 10      475663 510 5 5 1 8    38.0   42.0
 53 2008.218904 3.292E-30 4.435E+01.05950.065 4320.84040.75-.002591              3              2                    P  9      475663 510 5 5 1 8    17.0   19.0
 51 2008.421529 1.126E-28 4.409E+01.05100.054 5051.74320.67-.002832              3              2                    P 20      475663 510 5 5 1 8    39.0   41.0
 51 2008.525448 2.616E-22 1.463E+01.04430.047 1901.13080.67-.002811              1              0                    P 31      475623 510 5 5 1 8    61.0   63.0
 53 2008.594687 5.598E-23 1.437E+01.05030.053  844.72880.67-.002832              1              0                    P 21      475623 510 5 5 1 8    41.0   43.0
 52 2008.626464 9.878E-26 2.896E+01.05380.058 2591.13210.70-.002814              2              1                    P 16      475663 510 5 5 1 8    62.0   66.0
 53 2009.121149 2.240E-26 2.899E+01.05450.059 2527.33370.71-.002803              2              1                    P 15      475663 510 5 5 1 8    29.0   31.0
 51 2011.421043 3.201E-25 2.945E+01.04770.051 3378.95370.67-.002824              2              1                    P 25      475623 510 5 5 1 8    49.0   51.0
 52 2011.843095 1.784E-29 4.468E+01.05950.065 4329.24690.75-.002591              3              2                    P  9      475663 510 5 5 1 8    34.0   38.0
 53 2012.071192 3.431E-30 4.494E+01.06060.066 4288.48450.75-.002514              3              2                    P  8      475663 510 5 5 1 8    15.0   17.0
 52 2012.208699 3.111E-22 1.447E+01.05030.053  847.94970.67-.002832              1              0                    P 21      475623 510 5 5 1 8    82.0   86.0
 52 2012.744285 1.231E-25 2.920E+01.05450.059 2532.93210.71-.002803              2              1                    P 15      475663 510 5 5 1 8    58.0   62.0
 51 2012.833683 1.545E-28 4.443E+01.05170.055 4976.43800.67-.002831              3              2                    P 19      475663 510 5 5 1 8    37.0   39.0
 53 2012.879261 7.756E-23 1.447E+01.05100.054  768.03310.67-.002832              1              0                    P 20      475663 510 5 5 1 8    39.0   41.0
 53 2013.191963 2.729E-26 2.923E+01.05530.059 2472.96720.72-.002787              2              1                    P 14      475663 510 5 5 1 8    27.0   29.0
 51 2013.352446 4.512E-22 1.475E+01.04480.047 1782.66240.67-.002813              1              0                    P 30      475623 510 5 5 1 8    59.0   61.0
 52 2015.710450 1.860E-29 4.527E+01.06060.066 4296.76860.75-.002514              3              2                    P  8      475663 510 5 5 1 8    30.0   34.0
 53 2015.892021 3.459E-30 4.563E+01.06180.068 4259.72060.75-.002418              3              2                    P  7      475663 510 5 5 1 8    13.0   15.0
 51 2016.027134 4.882E-25 2.966E+01.04830.051 3284.08460.67-.002827              2              1                    P 24      475623 510 5 5 1 8    47.0   49.0
 52 2016.510779 4.316E-22 1.458E+01.05100.054  770.96190.67-.002832              1              0                    P 20      475663 510 5 5 1 8    78.0   82.0
 52 2016.831404 1.500E-25 2.945E+01.05530.059 2478.35910.72-.002787              2              1                    P 14      475663 510 5 5 1 8    54.0   58.0
 53 2017.133966 1.054E-22 1.458E+01.05170.055  694.97140.67-.002831              1              0                    P 19      475663 510 5 5 1 8    37.0   39.0
 51 2017.213621 2.077E-28 4.479E+01.05240.056 4904.87990.68-.002828              3              2                    P 18      475663 510 5 5 1 8    35.0   37.0
 53 2017.232113 3.250E-26 2.950E+01.05610.060 2422.21600.73-.002765              2              1                    P 13      475663 510 5 5 1 8    25.0   27.0
 51 2018.148830 7.633E-22 1.486E+01.04540.048 1667.97090.67-.002815              1              0                    P 29      475623 510 5 5 1 8    57.0   59.0
 52 2019.546167 1.877E-29 4.596E+01.06180.068 4267.89590.75-.002418              3              2                    P  7      475663 510 5 5 1 8    26.0   30.0
 53 2019.681257 3.357E-30 4.648E+01.06320.069 4234.54990.74-.002298              3              2                    P  6      475663 510 5 5 1 8    11.0   13.0
 51 2020.601738 7.300E-25 2.989E+01.04900.052 3192.98150.67-.002829              2              1                    P 23      475623 510 5 5 1 8    45.0   47.0
 52 2020.782823 5.868E-22 1.469E+01.05170.055  697.62190.67-.002831              1              0                    P 19      475663 510 5 5 1 8    74.0   78.0
 52 2020.887686 1.788E-25 2.971E+01.05610.060 2427.41530.73-.002765              2              1                    P 13      475663 510 5 5 1 8    50.0   54.0
 53 2021.241466 3.779E-26 2.977E+01.05690.062 2375.08220.74-.002736              2              1                    P 12      475663 510 5 5 1 8    23.0   25.0
 53 2021.358670 1.401E-22 1.470E+01.05240.056  625.54630.68-.002828              1              0                    P 18      475663 510 5 5 1 8    35.0   37.0
 51 2021.561199 2.732E-28 4.514E+01.05310.057 4837.07170.69-.002822              3              2                    P 17      475663 510 5 5 1 8    33.0   35.0
 51 2022.914455 1.266E-21 1.496E+01.04600.049 1557.06070.67-.002817              1              0                    P 28      475623 510 5 5 1 8    55.0   57.0
 52 2023.350111 1.822E-29 4.682E+01.06320.069 4242.63000.74-.002298              3              2                    P  6      475663 510 5 5 1 8    22.0   26.0
 53 2023.438766 3.112E-30 4.761E+01.06510.071 4212.97330.74-.002148              3              2                    P  5      475663 510 5 5 1 8     9.0   11.0
 52 2024.912998 2.083E-25 2.999E+01.05690.062 2380.10250.74-.002736              2              1                    P 12      475663 510 5 5 1 8    46.0   50.0
 52 2025.024699 7.817E-22 1.481E+01.05240.056  627.93240.68-.002828              1              0                    P 18      475663 510 5 5 1 8    70.0   74.0
 51 2025.144711 1.070E-24 3.012E+01.04960.053 3105.64790.67-.002831              2              1                    P 22      475623 510 5 5 1 8    43.0   45.0
 53 2025.219890 4.288E-26 3.007E+01.05770.063 2331.56740.75-.002699              2              1                    P 11      475663 510 5 5 1 8    21.0   23.0
 53 2025.553241 1.826E-22 1.481E+01.05310.057  559.76050.69-.002822              1              0                    P 17      475663 510 5 5 1 8    33.0   35.0
 51 2025.876269 3.518E-28 4.551E+01.05380.058 4773.01610.70-.002814              3              2                    P 16      475663 510 5 5 1 8    31.0   33.0
 52 2027.122148 1.691E-29 4.796E+01.06510.071 4220.97180.74-.002148              3              2                    P  5      475663 510 5 5 1 8    18.0   22.0
 53 2027.164416 2.722E-30 4.924E+01.06770.074 4194.99150.74-.001961              3              2                    P  4      475663 510 5 5 1 8     7.0    9.0
 51 2027.649176 2.060E-21 1.508E+01.04650.049 1449.93590.67-.002819              1              0                    P 27      475623 510 5 5 1 8    53.0   55.0
 52 2028.907205 2.365E-25 3.028E+01.05770.063 2336.42240.75-.002699              2              1                    P 11      475663 510 5 5 1 8    42.0   46.0
 53 2029.167250 4.742E-26 3.038E+01.05860.064 2291.67320.75-.002651              2              1                    P 10      475663 510 5 5 1 8    19.0   21.0
 52 2029.236273 1.020E-21 1.493E+01.05310.057  561.89580.69-.002822              1              0                    P 17      475663 510 5 5 1 8    66.0   70.0
 51 2029.655904 1.536E-24 3.035E+01.05030.053 3022.08730.67-.002832              2              1                    P 21      475623 510 5 5 1 8    41.0   43.0
 53 2029.717545 2.328E-22 1.493E+01.05380.058  497.61620.70-.002814              1              0                    P 16      475663 510 5 5 1 8    31.0   33.0
 51 2030.158686 4.431E-28 4.589E+01.05450.059 4712.71560.71-.002803              3              2                    P 15      475663 510 5 5 1 8    29.0   31.0
 53 2030.858074 2.194E-30 5.199E+01.07120.077 4180.60530.74-.001726              3              2                    P  3      475663 510 5 5 1 8     5.0    7.0
 52 2030.862144 1.479E-29 4.961E+01.06770.074 4202.92200.74-.001961              3              2                    P  4      475663 510 5 5 1 8    14.0   18.0
 51 2032.352848 3.284E-21 1.519E+01.04710.050 1346.60080.67-.002822              1              0                    P 26      475623 510 5 5 1 8    51.0   53.0
 52 2032.870174 2.617E-25 3.061E+01.05860.064 2296.37670.75-.002651              2              1                    P 10      475663 510 5 5 1 8    38.0   42.0
 53 2033.083415 5.101E-26 3.074E+01.05950.065 2255.40100.75-.002591              2              1                    P  9      475663 510 5 5 1 8    17.0   19.0
 52 2033.417411 1.302E-21 1.504E+01.05380.058  499.51460.70-.002814              1              0                    P 16      475663 510 5 5 1 8    62.0   66.0
 53 2033.851449 2.907E-22 1.505E+01.05450.059  439.11570.71-.002803              1              0                    P 15      475663 510 5 5 1 8    29.0   31.0
 51 2034.135174 2.160E-24 3.059E+01.05100.054 2942.30280.67-.002832              2              1                    P 20      475663 510 5 5 1 8    39.0   41.0
 51 2034.408303 5.455E-28 4.630E+01.05530.059 4656.17240.72-.002787              3              2                    P 14      475663 510 5 5 1 8    27.0   29.0
 53 2034.519606 1.544E-30 5.808E+01.07570.081 4169.81520.75-.001431              3              2                    P  2      475663 510 5 5 1 8     3.0    5.0
 52 2034.569965 1.192E-29 5.238E+01.07120.077 4188.48140.74-.001726              3              2                    P  3      475663 510 5 5 1 8    10.0   14.0
 52 2036.801770 2.817E-25 3.097E+01.05950.065 2259.96680.75-.002591              2              1                    P  9      475663 510 5 5 1 8    34.0   38.0
 53 2036.968251 5.324E-26 3.114E+01.06060.066 2222.75230.75-.002514              2              1                    P  8      475663 510 5 5 1 8    15.0   17.0
 51 2037.025324 5.134E-21 1.531E+01.04770.051 1247.05920.67-.002824              1              0                    P 25      475623 510 5 5 1 8    49.0   51.0
 52 2037.567979 1.628E-21 1.516E+01.05450.059  440.79120.71-.002803              1              0                    P 15      475663 510 5 5 1 8    58.0   62.0
 53 2037.954822 3.549E-22 1.518E+01.05530.059  384.26120.72-.002787              1              0                    P 14      475663 510 5 5 1 8    27.0   29.0
 53 2038.148880 8.011E-31 8.760E+01.08030.087 4162.62160.76-.001060              3              2                    P  1      475663 510 5 5 1 8     1.0    3.0
 52 2038.245476 8.393E-30 5.852E+01.07570.081 4177.65050.75-.001431              3              2                    P  2      475663 510 5 5 1 8     6.0   10.0
 51 2038.582374 2.975E-24 3.082E+01.05170.055 2866.29750.67-.002831              2              1                    P 19      475663 510 5 5 1 8    37.0   39.0
 51 2038.624974 6.559E-28 4.671E+01.05610.060 4603.38890.73-.002765              3              2                    P 13      475663 510 5 5 1 8    25.0   27.0
 52 2040.701859 2.942E-25 3.138E+01.06060.066 2227.19410.75-.002514              2              1                    P  8      475663 510 5 5 1 8    30.0   34.0
 53 2040.821624 5.375E-26 3.162E+01.06180.068 2193.72830.75-.002418              2              1                    P  7      475663 510 5 5 1 8    13.0   15.0
 51 2041.666460 7.865E-21 1.542E+01.04830.051 1151.31500.67-.002827              1              0                    P 24      475623 510 5 5 1 8    47.0   49.0
 52 2041.687842 1.989E-21 1.530E+01.05530.059  385.72750.72-.002787              1              0                    P 14      475663 510 5 5 1 8    54.0   58.0
 52 2041.888544 4.354E-30 8.825E+01.08030.087 4170.42960.76-.001060              3              2                    P  1      475663 510 5 5 1 8     2.0    6.0
 53 2042.027528 4.236E-22 1.532E+01.05610.060  333.05460.73-.002765              1              0                    P 13      475663 510 5 5 1 8    25.0   27.0
 51 2042.808552 7.699E-28 4.715E+01.05690.062 4554.36700.74-.002736              3              2                    P 12      475663 510 5 5 1 8    23.0   25.0
 51 2042.997357 4.012E-24 3.107E+01.05240.056 2794.07430.68-.002828              2              1                    P 18      475663 510 5 5 1 8    35.0   37.0
 52 2044.570307 2.971E-25 3.186E+01.06180.068 2198.05970.75-.002418              2              1                    P  7      475663 510 5 5 1 8    26.0   30.0
 53 2044.643402 5.222E-26 3.222E+01.06320.069 2168.32990.74-.002298              2              1                    P  6      475663 510 5 5 1 8    11.0   13.0
 53 2045.310117 8.183E-31 2.952E+01.08030.087 4159.02470.76-.002018              3              2                    R  0      475663 510 5 5 1 8     3.0    1.0
 52 2045.776868 2.376E-21 1.544E+01.05610.060  334.32560.73-.002765              1              0                    P 13      475663 510 5 5 1 8    50.0   54.0
 53 2046.069436 4.936E-22 1.546E+01.05690.062  285.49790.74-.002736              1              0                    P 12      475663 510 5 5 1 8    23.0   25.0
 51 2046.276109 1.181E-20 1.553E+01.04900.052 1059.37180.67-.002980              1              0                    P 23      475623 510 5 5 1 1    45.0   47.0
 51 2046.958891 8.811E-28 4.762E+01.05770.063 4509.10880.75-.002699              3              2                    P 11      475663 510 5 5 1 8    21.0   23.0
 51 2047.379978 5.296E-24 3.131E+01.05310.057 2725.63610.69-.002822              2              1                    P 17      475663 510 5 5 1 8    33.0   35.0
 52 2048.406981 2.888E-25 3.246E+01.06320.069 2172.56480.74-.002298              2              1                    P  6      475663 510 5 5 1 8    22.0   26.0
 53 2048.433452 4.847E-26 3.300E+01.06510.071 2146.55810.74-.002148              2              1                    P  5      475663 510 5 5 1 8     9.0   11.0
 53 2048.841815 1.611E-30 3.560E+01.07570.081 4162.62160.75-.001922              3              2                    R  1      475663 510 5 5 1 8     5.0    3.0
 52 2049.076812 4.448E-30 2.973E+01.08030.087 4166.81910.76-.002018              3              2                    R  0      475663 510 5 5 1 8     6.0    2.0
 52 2049.834922 2.771E-21 1.557E+01.05690.062  286.58750.74-.002736              1              0                    P 12      475663 510 5 5 1 8    46.0   50.0
 53 2050.080413 5.612E-22 1.561E+01.05770.063  241.59270.75-.002699              1              0                    P 11      475663 510 5 5 1 8    21.0   23.0
 51 2050.854126 1.738E-20 1.565E+01.04960.053  971.23320.67-.003350              1              0                    P 22      475623 510 5 5 1 1    43.0   45.0
 51 2051.075844 9.820E-28 4.814E+01.05860.064 4467.61580.75-.002651              3              2                    P 10      475663 510 5 5 1 8    19.0   21.0
 51 2051.730090 6.838E-24 3.157E+01.05380.058 2660.98550.70-.002814              2              1                    P 16      475663 510 5 5 1 8    31.0   33.0
 53 2052.191640 4.243E-26 3.413E+01.06770.074 2128.41370.74-.001961              2              1                    P  4      475663 510 5 5 1 8     7.0    9.0
 52 2052.211745 2.682E-25 3.324E+01.06510.071 2150.71030.74-.002148              2              1                    P  5      475663 510 5 5 1 8    18.0   22.0
 53 2052.340722 2.338E-30 3.835E+01.07120.077 4169.81520.74-.001841              3              2                    R  2      475663 510 5 5 1 8     7.0    5.0
 52 2052.621743 8.757E-30 3.587E+01.07570.081 4170.42960.75-.001922              3              2                    R  1      475663 510 5 5 1 8    10.0    6.0
 52 2053.861869 3.154E-21 1.573E+01.05770.063  242.51480.75-.002699              1              0                    P 11      475663 510 5 5 1 8    42.0   46.0
 53 2054.060325 6.217E-22 1.578E+01.05860.064  201.34070.75-.002651              1              0                    P 10      475663 510 5 5 1 8    19.0   21.0
 51 2055.159265 1.063E-27 4.871E+01.05950.065 4429.88980.75-.002591              3              2                    P  9      475663 510 5 5 1 8    17.0   19.0
 51 2055.400364 2.504E-20 1.578E+01.05030.053  886.90240.67-.003630              1              0                    P 21      475623 510 5 5 1 1    41.0   43.0
 53 2055.806703 2.964E-30 3.997E+01.06770.074 4180.60530.74-.001780              3              2                    R  3      475663 510 5 5 1 8     9.0    7.0
 53 2055.917833 3.422E-26 3.603E+01.07120.077 2113.89740.74-.001726              2              1                    P  3      475663 510 5 5 1 8     5.0    7.0
 52 2055.984465 2.348E-25 3.439E+01.06770.074 2132.49690.74-.001961              2              1                    P  4      475663 510 5 5 1 8    14.0   18.0
 51 2056.047547 8.636E-24 3.183E+01.05450.059 2600.12490.71-.002803              2              1                    P 15      475663 510 5 5 1 8    29.0   31.0
 52 2056.133695 1.270E-29 3.863E+01.07120.077 4177.65050.74-.001841              3              2                    R  2      475663 510 5 5 1 8    14.0   10.0
 52 2057.857576 3.497E-21 1.590E+01.05860.064  202.10920.75-.002651              1              0                    P 10      475663 510 5 5 1 8    38.0   42.0
 53 2058.009039 6.698E-22 1.596E+01.05950.065  164.74330.75-.002591              1              0                    P  9      475663 510 5 5 1 8    17.0   19.0
 51 2059.209006 1.117E-27 4.935E+01.06060.066 4395.93220.75-.002514              3              2                    P  8      475663 510 5 5 1 8    15.0   17.0
 53 2059.239627 3.460E-30 4.110E+01.06510.071 4194.99150.74-.001736              3              2                    R  4      475663 510 5 5 1 8    11.0    9.0
 53 2059.611897 2.410E-26 4.027E+01.07570.081 2103.00970.75-.001431              2              1                    P  2      475663 510 5 5 1 8     3.0    5.0
 52 2059.612531 1.610E-29 4.028E+01.06770.074 4188.48140.74-.001780              3              2                    R  3      475663 510 5 5 1 8    18.0   14.0
 52 2059.725008 1.894E-25 3.631E+01.07120.077 2117.92550.74-.001726              2              1                    P  3      475663 510 5 5 1 8    10.0   14.0
 51 2059.914677 3.535E-20 1.590E+01.05100.054  806.38280.67-.003050              1              0                    P 20      475663 510 5 5 1 1    39.0   41.0
 51 2060.332203 1.066E-23 3.211E+01.05530.059 2543.05670.72-.002787              2              1                    P 14      475663 510 5 5 1 8    27.0   29.0
 52 2061.821909 3.770E-21 1.608E+01.05950.065  165.37220.75-.002591              1              0                    P  9      475663 510 5 5 1 8    34.0   38.0
 53 2061.926422 7.001E-22 1.618E+01.06060.066  131.80180.75-.002514              1              0                    P  8      475663 510 5 5 1 8    15.0   17.0
 53 2062.639359 3.812E-30 4.194E+01.06320.069 4212.97330.74-.001710              3              2                    R  5      475663 510 5 5 1 8    13.0   11.0
 52 2063.058119 1.880E-29 4.141E+01.06510.071 4202.92200.74-.001736              3              2                    R  4      475663 510 5 5 1 8    22.0   18.0
 51 2063.224922 1.135E-27 5.013E+01.06180.068 4365.74430.75-.002418              3              2                    P  7      475663 510 5 5 1 8    13.0   15.0
 53 2063.273701 1.250E-26 6.072E+01.08030.087 2095.75100.76-.001060              2              1                    P  1      475663 510 5 5 1 8     1.0    3.0
 52 2063.433239 1.335E-25 4.056E+01.07570.081 2106.99640.75-.001431              2              1                    P  2      475663 510 5 5 1 8     6.0   10.0
 51 2064.396920 4.885E-20 1.602E+01.05170.055  729.67740.67-.003410              1              0                    P 19      475663 510 5 5 1 1    37.0   39.0
 51 2064.583910 1.285E-23 3.240E+01.05610.060 2489.78310.73-.002765              2              1                    P 13      475663 510 5 5 1 8    25.0   27.0
 52 2065.754733 3.943E-21 1.630E+01.06060.066  132.30500.75-.002514              1              0                    P  8      475663 510 5 5 1 8    30.0   34.0
 53 2065.812341 7.078E-22 1.642E+01.06180.068  102.51750.75-.002418              1              0                    P  7      475663 510 5 5 1 8    13.0   15.0
 53 2066.005768 4.012E-30 4.262E+01.06180.068 4234.54990.75-.001700              3              2                    R  6      475663 510 5 5 1 8    15.0   13.0
 52 2066.470323 2.070E-29 4.226E+01.06320.069 4220.97180.74-.001710              3              2                    R  5      475663 510 5 5 1 8    26.0   22.0
 52 2067.109024 6.926E-26 6.118E+01.08030.087 2099.71010.76-.001060              2              1                    P  1      475663 510 5 5 1 8     2.0    6.0
 51 2067.206865 1.107E-27 5.107E+01.06320.069 4339.32740.74-.002298              3              2                    P  6      475663 510 5 5 1 8    11.0   13.0
 51 2068.802522 1.511E-23 3.270E+01.05690.062 2440.30620.74-.002736              2              1                    P 12      475663 510 5 5 1 8    23.0   25.0
 51 2068.846945 6.609E-20 1.615E+01.05240.056  656.78920.68-.003500              1              0                    P 18      475663 510 5 5 1 1    35.0   37.0
 53 2069.338719 4.064E-30 4.320E+01.06060.066 4259.72060.75-.001704              3              2                    R  7      475663 510 5 5 1 8    17.0   15.0
 52 2069.655913 3.988E-21 1.655E+01.06180.068  102.90890.75-.002418              1              0                    P  7      475663 510 5 5 1 8    26.0   30.0
 53 2069.666663 6.884E-22 1.674E+01.06320.069   76.89140.74-.002298              1              0                    P  6      475663 510 5 5 1 8    11.0   13.0
 52 2069.849011 2.178E-29 4.294E+01.06180.068 4242.63000.75-.001700              3              2                    R  6      475663 510 5 5 1 8    30.0   26.0
 53 2070.499992 1.278E-26 2.046E+01.08030.087 2092.12160.76-.002018              2              1                    R  0      475663 510 5 5 1 8     3.0    1.0
 51 2071.154689 1.033E-27 5.231E+01.06510.071 4316.68240.74-.002148              3              2                    P  5      475663 510 5 5 1 8     9.0   11.0
 53 2072.638079 3.983E-30 4.370E+01.05950.065 4288.48450.75-.001720              3              2                    R  8      475663 510 5 5 1 8    19.0   17.0
 51 2072.987893 1.734E-23 3.304E+01.05770.063 2394.62790.75-.002699              2              1                    P 11      475663 510 5 5 1 8    21.0   23.0
 52 2073.194046 2.205E-29 4.352E+01.06060.066 4267.89590.75-.001704              3              2                    R  7      475663 510 5 5 1 8    34.0   30.0
 51 2073.264607 8.750E-20 1.628E+01.05310.057  587.72090.69-.003350              1              0                    P 17      475663 510 5 5 1 1    33.0   35.0
 53 2073.489253 6.396E-22 1.714E+01.06510.071   54.92440.74-.002148              1              0                    P  5      475663 510 5 5 1 8     9.0   11.0
 52 2073.525317 3.881E-21 1.686E+01.06320.069   77.18500.74-.002298              1              0                    P  6      475663 510 5 5 1 8    22.0   26.0
 53 2074.064212 2.516E-26 2.469E+01.07570.081 2095.75100.75-.001922              2              1                    R  1      475663 510 5 5 1 8     5.0    3.0
 52 2074.362719 7.076E-26 2.062E+01.08030.087 2096.06690.76-.002018              2              1                    R  0      475663 510 5 5 1 8     6.0    2.0
 51 2075.068247 9.071E-28 5.412E+01.06770.074 4297.81020.74-.001961              3              2                    P  4      475663 510 5 5 1 8     7.0    9.0
 53 2075.903716 3.788E-30 4.415E+01.05860.064 4320.84040.75-.001746              3              2                    R  9      475663 510 5 5 1 8    21.0   19.0
 52 2076.505297 2.160E-29 4.403E+01.05950.065 4296.76860.75-.001720              3              2                    R  8      475663 510 5 5 1 8    38.0   34.0
 51 2077.139876 1.936E-23 3.340E+01.05860.064 2352.74990.75-.002651              2              1                    P 10      475663 510 5 5 1 8    19.0   21.0
 53 2077.279980 5.604E-22 1.773E+01.06770.074   36.61740.74-.001961              1              0                    P  4      475663 510 5 5 1 8     7.0    9.0
 52 2077.362810 3.607E-21 1.727E+01.06510.071   55.13410.74-.002148              1              0                    P  5      475663 510 5 5 1 8    18.0   22.0
 53 2077.595639 3.649E-26 2.659E+01.07120.077 2103.00970.74-.001841              2              1                    R  2      475663 510 5 5 1 8     7.0    5.0
 51 2077.649758 1.133E-19 1.641E+01.05380.058  522.47510.70-.003290              1              0                    P 16      475663 510 5 5 1 1    31.0   33.0
 52 2077.940360 1.393E-25 2.487E+01.07570.081 2099.71010.75-.001922              2              1                    R  1      475663 510 5 5 1 8    10.0    6.0
 51 2078.947391 7.335E-28 5.714E+01.07120.077 4282.71160.74-.001726              3              2                    P  3      475663 510 5 5 1 8     5.0    7.0
 53 2079.135496 3.504E-30 4.456E+01.05770.063 4356.78720.75-.001781              3              2                    R 10      475663 510 5 5 1 8    23.0   21.0
 52 2079.782628 2.053E-29 4.448E+01.05860.064 4329.24690.75-.001746              3              2                    R  9      475663 510 5 5 1 8    42.0   38.0
 53 2081.038710 4.522E-22 1.872E+01.07120.077   21.97100.74-.001726              1              0                    P  3      475663 510 5 5 1 8     5.0    7.0
 53 2081.094138 4.624E-26 2.771E+01.06770.074 2113.89740.74-.001780              2              1                    R  3      475663 510 5 5 1 8     9.0    7.0
 52 2081.168256 3.161E-21 1.787E+01.06770.074   36.75720.74-.001961              1              0                    P  4      475663 510 5 5 1 8    14.0   18.0
 51 2081.258324 2.100E-23 3.379E+01.05950.065 2314.67390.75-.002591              2              1                    P  9      475663 510 5 5 1 8    17.0   19.0
 52 2081.485018 2.021E-25 2.678E+01.07120.077 2106.99640.74-.001841              2              1                    R  2      475663 510 5 5 1 8    14.0   10.0
 51 2082.002253 1.435E-19 1.655E+01.05450.059  461.05440.71-.003260              1              0                    P 15      475663 510 5 5 1 1    29.0   31.0
 53 2082.333287 3.160E-30 4.493E+01.05690.062 4396.32360.74-.001824              3              2                    R 11      475663 510 5 5 1 8    25.0   23.0
 51 2082.791976 5.176E-28 6.385E+01.07570.081 4271.38710.75-.001431              3              2                    P  2      475663 510 5 5 1 8     3.0    5.0
 52 2083.025905 1.898E-29 4.489E+01.05770.063 4365.32960.75-.001781              3              2                    R 10      475663 510 5 5 1 8    46.0   42.0
 53 2084.559577 5.395E-26 2.850E+01.06510.071 2128.41370.74-.001736              2              1                    R  4      475663 510 5 5 1 8    11.0    9.0
 53 2084.765310 3.186E-22 2.091E+01.07570.081   10.98570.75-.001431              1              0                    P  2      475663 510 5 5 1 8     3.0    5.0
 52 2084.941523 2.552E-21 1.886E+01.07120.077   22.05490.74-.001726              1              0                    P  3      475663 510 5 5 1 8    10.0   14.0
 52 2084.996559 2.560E-25 2.793E+01.06770.074 2117.92550.74-.001780              2              1                    R  3      475663 510 5 5 1 8    18.0   14.0
 51 2085.343090 2.210E-23 3.424E+01.06060.066 2280.40120.75-.002514              2              1                    P  8      475663 510 5 5 1 8    15.0   17.0
 53 2085.496955 2.781E-30 4.530E+01.05610.060 4439.44810.73-.001872              3              2                    R 12      475663 510 5 5 1 8    27.0   25.0
 52 2086.234994 1.710E-29 4.528E+01.05690.062 4405.01550.74-.001824              3              2                    R 11      475663 510 5 5 1 8    50.0   46.0
 51 2086.321945 1.776E-19 1.669E+01.05530.059  403.46120.72-.003350              1              0                    P 14      475663 510 5 5 1 1    27.0   29.0
 51 2086.601854 2.690E-28 9.630E+01.08030.087 4263.83720.76-.001060              3              2                    P  1      475663 510 5 5 1 8     1.0    3.0
 53 2087.991822 5.939E-26 2.909E+01.06320.069 2146.55810.74-.001710              2              1                    R  5      475663 510 5 5 1 8    13.0   11.0
 53 2088.459646 1.654E-22 3.155E+01.08030.087    3.66190.76-.001060              1              0                    P  1      475663 510 5 5 1 8     1.0    3.0
 52 2088.474849 2.986E-25 2.871E+01.06510.071 2132.49690.74-.001736              2              1                    R  4      475663 510 5 5 1 8    22.0   18.0
 53 2088.626367 2.391E-30 4.563E+01.05530.059 4486.15910.72-.001924              3              2                    R 13      475663 510 5 5 1 8    29.0   27.0
 52 2088.682476 1.798E-21 2.107E+01.07570.081   11.02760.75-.001431              1              0                    P  2      475663 510 5 5 1 8     6.0   10.0
 51 2089.394028 2.246E-23 3.477E+01.06180.068 2249.93340.75-.002418              2              1                    P  7      475663 510 5 5 1 8    13.0   15.0
 52 2089.409761 1.504E-29 4.563E+01.05610.060 4448.30300.73-.001872              3              2                    R 12      475663 510 5 5 1 8    54.0   50.0
 51 2090.608687 2.145E-19 1.685E+01.05610.060  349.69750.73-.003510              1              0                    P 13      475663 510 5 5 1 1    25.0   27.0
 53 2091.390740 6.245E-26 2.956E+01.06180.068 2168.32990.75-.001700              2              1                    R  6      475663 510 5 5 1 8    15.0   13.0
 53 2091.721391 2.010E-30 4.595E+01.05450.059 4536.45490.71-.001981              3              2                    R 14      475663 510 5 5 1 8    31.0   29.0
 52 2091.919753 3.286E-25 2.930E+01.06320.069 2150.71030.74-.001710              2              1                    R  5      475663 510 5 5 1 8    26.0   22.0
 52 2092.390980 9.337E-22 3.178E+01.08030.087    3.67590.76-.001060              1              0                    P  1      475663 510 5 5 1 8     2.0    6.0
 52 2092.550073 1.292E-29 4.597E+01.05530.059 4495.19050.72-.001924              3              2                    R 13      475663 510 5 5 1 8    58.0   54.0
 51 2093.410991 2.196E-23 3.543E+01.06320.069 2223.27140.74-.002298              2              1                    P  6      475663 510 5 5 1 8    11.0   13.0
 51 2094.116902 2.750E-28 3.246E+01.08030.087 4260.06220.76-.002018              3              2                    R  0      475663 510 5 5 1 8     3.0    1.0
 53 2094.756199 6.319E-26 2.996E+01.06060.066 2193.72830.75-.001704              2              1                    R  7      475663 510 5 5 1 8    17.0   15.0
 53 2094.781893 1.652E-30 4.626E+01.05380.058 4590.33350.70-.002040              3              2                    R 15      475663 510 5 5 1 8    33.0   31.0
 51 2094.862333 2.529E-19 1.700E+01.05690.062  299.76560.74-.003410              1              0                    P 12      475663 510 5 5 1 1    23.0   25.0
 52 2095.331137 3.454E-25 2.978E+01.06180.068 2172.56480.75-.001700              2              1                    R  6      475663 510 5 5 1 8    30.0   26.0
 52 2095.655795 1.085E-29 4.630E+01.05450.059 4545.67630.71-.001981              3              2                    R 14      475663 510 5 5 1 8    62.0   58.0
 53 2095.750994 1.691E-22 1.063E+01.08030.087    0.00000.76-.002018              1              0                    R  0      475663 510 5 5 1 8     3.0    1.0
 51 2097.393832 2.049E-23 3.630E+01.06510.071 2200.41640.74-.002148              2              1                    P  5      475663 510 5 5 1 8     9.0   11.0
 53 2097.807742 1.330E-30 4.655E+01.05310.057 4647.79310.69-.002101              3              2                    R 16      475663 510 5 5 1 8    35.0   33.0
 51 2097.821778 5.411E-28 3.916E+01.07570.081 4263.83720.75-.001922              3              2                    R  1      475663 510 5 5 1 8     5.0    3.0
 53 2098.088065 6.185E-26 3.030E+01.05950.065 2222.75230.75-.001720              2              1                    R  8      475663 510 5 5 1 8    19.0   17.0
 52 2098.708868 3.494E-25 3.018E+01.06060.066 2198.05970.75-.001704              2              1                    R  7      475663 510 5 5 1 8    34.0   30.0
 52 2098.726794 8.912E-30 4.661E+01.05380.058 4599.75860.70-.002040              3              2                    R 15      475663 510 5 5 1 8    66.0   62.0
 51 2099.082735 2.908E-19 1.717E+01.05770.063  253.66720.75-.003620              1              0                    P 11      475663 510 5 5 1 1    21.0   23.0
 53 2099.347740 3.327E-22 1.283E+01.07570.081    3.66190.75-.001922              1              0                    R  1      475663 510 5 5 1 8     5.0    3.0
 52 2099.710106 9.542E-22 1.071E+01.08030.087    0.00000.76-.002018              1              0                    R  0      475663 510 5 5 1 8     6.0    2.0
 53 2100.798803 1.049E-30 4.684E+01.05240.056 4708.83140.68-.002163              3              2                    R 17      475663 510 5 5 1 8    37.0   35.0
 51 2101.342404 1.802E-23 3.754E+01.06770.074 2181.36920.74-.001961              2              1                    P  4      475663 510 5 5 1 8     7.0    9.0
 53 2101.386206 5.874E-26 3.062E+01.05860.064 2255.40100.75-.001746              2              1                    R  9      475663 510 5 5 1 8    21.0   19.0
 51 2101.491360 7.838E-28 4.218E+01.07120.077 4271.38710.74-.001841              3              2                    R  2      475663 510 5 5 1 8     7.0    5.0
 52 2101.762935 7.167E-30 4.690E+01.05310.057 4657.43520.69-.002101              3              2                    R 16      475663 510 5 5 1 8    70.0   66.0
 52 2102.052810 3.417E-25 3.054E+01.05950.065 2227.19410.75-.001720              2              1                    R  8      475663 510 5 5 1 8    38.0   34.0
 53 2102.911690 4.826E-22 1.382E+01.07120.077   10.98570.74-.001841              1              0                    R  2      475663 510 5 5 1 8     7.0    5.0
 51 2103.269747 3.253E-19 1.736E+01.05860.064  211.40410.75-.003570              1              0                    P 10      475663 510 5 5 1 1    19.0   21.0
 52 2103.320459 1.879E-21 1.293E+01.07570.081    3.67590.75-.001922              1              0                    R  1      475663 510 5 5 1 8    10.0    6.0
 53 2103.754944 8.100E-31 4.712E+01.05170.055 4773.44630.67-.002226              3              2                    R 18      475663 510 5 5 1 8    39.0   37.0
 53 2104.650487 5.427E-26 3.090E+01.05770.063 2291.67320.75-.001781              2              1                    R 10      475663 510 5 5 1 8    23.0   21.0
 52 2104.764084 5.644E-30 4.720E+01.05240.056 4718.70400.68-.002163              3              2                    R 17      475663 510 5 5 1 8    74.0   70.0
 51 2105.125500 9.908E-28 4.398E+01.06770.074 4282.71160.74-.001780              3              2                    R  3      475663 510 5 5 1 8     9.0    7.0
 51 2105.256560 1.458E-23 3.965E+01.07120.077 2166.13050.74-.001726              2              1                    P  3      475663 510 5 5 1 8     5.0    7.0
 52 2105.362831 3.244E-25 3.085E+01.05860.064 2259.96680.75-.001746              2              1                    R  9      475663 510 5 5 1 8    42.0   38.0
 53 2106.442709 6.111E-22 1.440E+01.06770.074   21.97100.74-.001780              1              0                    R  3      475663 510 5 5 1 8     9.0    7.0
 53 2106.676032 6.132E-31 4.739E+01.05100.054 4841.63520.67-.002290              3              2                    R 19      475663 510 5 5 1 8    41.0   39.0
 52 2106.897827 2.723E-21 1.392E+01.07120.077   11.02760.74-.001841              1              0                    R  2      475663 510 5 5 1 8    14.0   10.0
 51 2107.423222 3.535E-19 1.757E+01.05950.065  172.97800.75-.003590              1              0                    P  9      475663 510 5 5 1 1    17.0   19.0
 52 2107.730109 4.353E-30 4.748E+01.05170.055 4783.56280.67-.002226              3              2                    R 18      475663 510 5 5 1 8    78.0   74.0
 53 2107.880777 4.886E-26 3.116E+01.05690.062 2331.56740.74-.001824              2              1                    R 11      475663 510 5 5 1 8    25.0   23.0
 52 2108.638796 2.995E-25 3.113E+01.05770.063 2296.37670.75-.001781              2              1                    R 10      475663 510 5 5 1 8    46.0   42.0
 51 2108.724053 1.153E-27 4.522E+01.06510.071 4297.81020.74-.001736              3              2                    R  4      475663 510 5 5 1 8    11.0    9.0
 51 2109.136154 1.030E-23 4.431E+01.07570.081 2154.70100.75-.001431              2              1                    P  2      475663 510 5 5 1 8     3.0    5.0
 53 2109.561936 4.550E-31 4.766E+01.05030.053 4913.39580.67-.002353              3              2                    R 20      475663 510 5 5 1 8    43.0   41.0
 53 2109.940667 7.128E-22 1.481E+01.06510.071   36.61740.74-.001736              1              0                    R  4      475663 510 5 5 1 8    11.0    9.0
 52 2110.442076 3.449E-21 1.451E+01.06770.074   22.05490.74-.001780              1              0                    R  3      475663 510 5 5 1 8    18.0   14.0
 52 2110.660874 3.291E-30 4.776E+01.05100.054 4852.00920.67-.002290              3              2                    R 19      475663 510 5 5 1 8    82.0   78.0
 53 2111.076942 4.291E-26 3.141E+01.05610.060 2375.08220.73-.001872              2              1                    R 12      475663 510 5 5 1 8    27.0   25.0
 51 2111.543014 3.725E-19 1.781E+01.06060.066  138.39040.75-.003580              1              0                    P  8      475663 510 5 5 1 1    15.0   17.0
 52 2111.880571 2.694E-25 3.140E+01.05690.062 2336.42240.74-.001824              2              1                    R 11      475663 510 5 5 1 8    50.0   46.0
 51 2112.286871 1.265E-27 4.615E+01.06320.069 4316.68240.74-.001710              3              2                    R  5      475663 510 5 5 1 8    13.0   11.0
 53 2112.412521 3.310E-31 4.791E+01.04960.053 4988.72530.67-.002416              3              2                    R 21      475663 510 5 5 1 8    45.0   43.0
 51 2112.981038 5.354E-24 6.683E+01.08030.087 2147.08110.76-.001060              2              1                    P  1      475663 510 5 5 1 8     1.0    3.0
 53 2113.405428 7.840E-22 1.511E+01.06320.069   54.92440.74-.001710              1              0                    R  5      475663 510 5 5 1 8    13.0   11.0
 52 2113.556247 2.439E-30 4.802E+01.05030.053 4924.04060.67-.002353              3              2                    R 20      475663 510 5 5 1 8    86.0   82.0
 52 2113.953071 4.021E-21 1.492E+01.06510.071   36.75720.74-.001736              1              0                    R  4      475663 510 5 5 1 8    22.0   18.0
 53 2114.238849 3.682E-26 3.164E+01.05530.059 2422.21600.72-.001924              2              1                    R 13      475663 510 5 5 1 8    29.0   27.0
 52 2115.088022 2.365E-25 3.165E+01.05610.060 2380.10250.73-.001872              2              1                    R 12      475663 510 5 5 1 8    54.0   50.0
 53 2115.227656 2.363E-31 4.817E+01.04900.052 5067.62100.67-.002479              3              2                    R 22      475663 510 5 5 1 8    47.0   45.0
 51 2115.628975 3.793E-19 1.808E+01.06180.068  107.64240.75-.003490              1              0                    P  7      475663 510 5 5 1 1    13.0   15.0
 51 2115.813807 1.324E-27 4.690E+01.06180.068 4339.32740.75-.001700              3              2                    R  6      475663 510 5 5 1 8    15.0   13.0
 52 2116.416094 1.773E-30 4.828E+01.04960.053 4999.65430.67-.002416              3              2                    R 21      475663 510 5 5 1 8    90.0   86.0
 53 2116.836860 8.236E-22 1.536E+01.06180.068   76.89140.75-.001700              1              0                    R  6      475663 510 5 5 1 8    15.0   13.0
 53 2117.366366 3.088E-26 3.187E+01.05450.059 2472.96720.71-.001981              2              1                    R 14      475663 510 5 5 1 8    31.0   29.0
 52 2117.430678 4.422E-21 1.523E+01.06320.069   55.13410.74-.001710              1              0                    R  5      475663 510 5 5 1 8    26.0   22.0
 53 2118.007208 1.654E-31 4.842E+01.04830.051 5150.07980.67-.002540              3              2                    R 23      475663 510 5 5 1 8    49.0   47.0
 52 2118.261016 2.027E-25 3.189E+01.05530.059 2427.41530.72-.001924              2              1                    R 13      475663 510 5 5 1 8    58.0   54.0
 52 2119.240282 1.263E-30 4.854E+01.04900.052 5078.84750.67-.002479              3              2                    R 22      475663 510 5 5 1 8    94.0   90.0
 51 2119.304715 1.334E-27 4.754E+01.06060.066 4365.74430.75-.001704              3              2                    R  7      475663 510 5 5 1 8    17.0   15.0
 51 2119.680959 3.713E-19 1.842E+01.06320.069   80.73540.74-.003440              1              0                    P  6      475663 510 5 5 1 1    11.0   13.0
 53 2120.234831 8.326E-22 1.556E+01.06060.066  102.51750.75-.001704              1              0                    R  7      475663 510 5 5 1 8    17.0   15.0
 53 2120.459360 2.533E-26 3.209E+01.05380.058 2527.33370.70-.002040              2              1                    R 15      475663 510 5 5 1 8    33.0   31.0
 51 2120.566089 5.474E-24 2.252E+01.08030.087 2143.27110.76-.002018              2              1                    R  0      475663 510 5 5 1 8     3.0    1.0
 53 2120.751045 1.136E-31 4.867E+01.04770.051 5236.09880.67-.002601              3              2                    R 24      475663 510 5 5 1 8    51.0   49.0
 52 2120.874763 4.643E-21 1.547E+01.06180.068   77.18500.75-.001700              1              0                    R  6      475663 510 5 5 1 8    30.0   26.0
 52 2121.399417 1.698E-25 3.211E+01.05450.059 2478.35910.71-.001981              2              1                    R 14      475663 510 5 5 1 8    62.0   58.0
 52 2122.028675 8.828E-31 4.879E+01.04830.051 5161.61730.67-.002540              3              2                    R 23      475663 510 5 5 1 8    98.0   94.0
 51 2122.759447 1.298E-27 4.810E+01.05950.065 4395.93220.75-.001720              3              2                    R  8      475663 510 5 5 1 8    19.0   17.0
 53 2123.517698 2.034E-26 3.229E+01.05310.057 2585.31370.69-.002101              2              1                    R 16      475663 510 5 5 1 8    35.0   33.0
 53 2123.599206 8.139E-22 1.575E+01.05950.065  131.80180.75-.001720              1              0                    R  8      475663 510 5 5 1 8    19.0   17.0
 51 2123.698818 3.468E-19 1.887E+01.06510.071   57.67040.74-.003310              1              0                    P  5      475663 510 5 5 1 1     9.0   11.0
 52 2124.285192 4.691E-21 1.569E+01.06060.066  102.90890.75-.001704              1              0                    R  7      475663 510 5 5 1 8    34.0   30.0
 51 2124.305963 1.077E-23 2.718E+01.07570.081 2147.08110.75-.001922              2              1                    R  1      475663 510 5 5 1 8     5.0    3.0
 52 2124.503094 1.392E-25 3.233E+01.05380.058 2532.93210.70-.002040              2              1                    R 15      475663 510 5 5 1 8    66.0   62.0
 52 2124.781142 6.054E-31 4.904E+01.04770.051 5247.96060.67-.002601              3              2                    R 24      475663 510 5 5 1 8   102.0   98.0
 51 2126.177857 1.225E-27 4.860E+01.05860.064 4429.88980.75-.001746              3              2                    R  9      475663 510 5 5 1 8    21.0   19.0
 53 2126.541247 1.599E-26 3.250E+01.05240.056 2646.90500.68-.002163              2              1                    R 17      475663 510 5 5 1 8    37.0   35.0
 53 2126.929854 7.719E-22 1.592E+01.05860.064  164.74330.75-.001746              1              0                    R  9      475663 510 5 5 1 8    21.0   19.0
 52 2127.497549 4.074E-31 4.928E+01.04710.050 5337.87410.67-.002661              3              2                    R 25      475663 510 5 5 1 8   106.0  102.0
 52 2127.571911 1.116E-25 3.254E+01.05310.057 2591.13210.69-.002101              2              1                    R 16      475663 510 5 5 1 8    70.0   66.0
 52 2127.661831 4.583E-21 1.587E+01.05950.065  132.30500.75-.001720              1              0                    R  8      475663 510 5 5 1 8    38.0   34.0
 51 2127.682406 3.052E-19 1.952E+01.06770.074   38.44810.74-.003090              1              0                    P  4      475663 510 5 5 1 1     7.0    9.0
 51 2128.010540 1.559E-23 2.927E+01.07120.077 2154.70100.74-.001841              2              1                    R  2      475663 510 5 5 1 8     7.0    5.0
 53 2129.529876 1.232E-26 3.269E+01.05170.055 2712.10540.67-.002226              2              1                    R 18      475663 510 5 5 1 8    39.0   37.0
 51 2129.559799 1.124E-27 4.906E+01.05770.063 4467.61580.75-.001781              3              2                    R 10      475663 510 5 5 1 8    23.0   21.0
 52 2130.177762 2.690E-31 4.952E+01.04650.049 5431.35460.67-.002719              3              2                    R 26      475663 510 5 5 1 8   110.0  106.0
 53 2130.226641 7.122E-22 1.606E+01.05770.063  201.34070.75-.001781              1              0                    R 10      475663 510 5 5 1 8    23.0   21.0
 52 2130.605736 8.769E-26 3.274E+01.05240.056 2652.95710.68-.002163              2              1                    R 17      475663 510 5 5 1 8    74.0   70.0
 52 2131.004545 4.345E-21 1.603E+01.05860.064  165.37220.75-.001746              1              0                    R  9      475663 510 5 5 1 8    42.0   38.0
 51 2131.631576 2.472E-19 2.062E+01.07120.077   23.06950.74-.002030              1              0                    P  3      475663 510 5 5 1 1     5.0    7.0
 51 2131.679673 1.971E-23 3.052E+01.06770.074 2166.13050.74-.001780              2              1                    R  3      475663 510 5 5 1 8     9.0    7.0
 53 2132.483450 9.298E-27 3.288E+01.05100.054 2780.91240.67-.002290              2              1                    R 19      475663 510 5 5 1 8    41.0   39.0
 52 2132.821649 1.743E-31 4.975E+01.04600.049 5528.39860.67-.002777              3              2                    R 27      475663 510 5 5 1 8   114.0  110.0
 51 2132.905125 1.004E-27 4.948E+01.05690.062 4509.10880.74-.001824              3              2                    R 11      475663 510 5 5 1 8    25.0   23.0
 53 2133.489434 6.400E-22 1.620E+01.05690.062  241.59270.74-.001824              1              0                    R 11      475663 510 5 5 1 8    25.0   23.0
 52 2133.604434 6.746E-26 3.294E+01.05170.055 2718.40470.67-.002226              2              1                    R 18      475663 510 5 5 1 8    78.0   74.0
 52 2134.313202 4.005E-21 1.618E+01.05770.063  202.10920.75-.001781              1              0                    R 10      475663 510 5 5 1 8    46.0   42.0
 51 2135.313215 2.292E-23 3.138E+01.06510.071 2181.36920.74-.001736              2              1                    R  4      475663 510 5 5 1 8    11.0    9.0
 53 2135.401838 6.879E-27 3.307E+01.05030.053 2853.32350.67-.002353              2              1                    R 20      475623 510 5 5 1 8    43.0   41.0
 52 2135.429075 1.109E-31 4.999E+01.04540.048 5629.00230.67-.002833              3              2                    R 28      475663 510 5 5 1 8   118.0  114.0
 51 2135.546180 1.746E-19 2.304E+01.07570.081   11.53500.75-.002660              1              0                    P  2      475663 510 5 5 1 1     3.0    5.0
 51 2136.213688 8.743E-28 4.987E+01.05610.060 4554.36700.73-.001872              3              2                    R 12      475663 510 5 5 1 8    27.0   25.0
 52 2136.567873 5.085E-26 3.313E+01.05100.054 2787.47270.67-.002290              2              1                    R 19      475663 510 5 5 1 8    82.0   78.0
 53 2136.718100 5.611E-22 1.633E+01.05610.060  285.49790.73-.001872              1              0                    R 12      475663 510 5 5 1 8    27.0   25.0
 52 2137.587667 3.598E-21 1.633E+01.05690.062  242.51480.74-.001824              1              0                    R 11      475663 510 5 5 1 8    50.0   46.0
 53 2138.284908 4.989E-27 3.325E+01.04960.053 2929.33600.67-.002416              2              1                    R 21      475623 510 5 5 1 8    45.0   43.0
 51 2138.911020 2.512E-23 3.204E+01.06320.069 2200.41640.74-.001710              2              1                    R  5      475663 510 5 5 1 8    13.0   11.0
 51 2139.426073 9.083E-20 3.475E+01.08030.087    3.84500.76-.003010              1              0                    P  1      475663 510 5 5 1 1     1.0    3.0
 51 2139.485343 7.431E-28 5.024E+01.05530.059 4603.38890.72-.001924              3              2                    R 13      475663 510 5 5 1 8    29.0   27.0
 52 2139.495917 3.756E-26 3.332E+01.05030.053 2860.15840.67-.002353              2              1                    R 20      475623 510 5 5 1 8    86.0   82.0
 53 2139.912507 4.805E-22 1.645E+01.05530.059  333.05460.72-.001924              1              0                    R 13      475663 510 5 5 1 8    29.0   27.0
 52 2140.827807 3.152E-21 1.645E+01.05610.060  286.58750.73-.001872              1              0                    R 12      475663 510 5 5 1 8    54.0   50.0
 53 2141.132526 3.549E-27 3.343E+01.04900.052 3008.94730.67-.002479              2              1                    R 22      475623 510 5 5 1 8    47.0   45.0
 52 2142.388435 2.720E-26 3.351E+01.04960.053 2936.45910.67-.002416              2              1                    R 21      475623 510 5 5 1 8    90.0   86.0
 51 2142.472940 2.627E-23 3.256E+01.06180.068 2223.27140.75-.001700              2              1                    R  6      475663 510 5 5 1 8    15.0   13.0
 51 2142.719943 6.172E-28 5.061E+01.05450.059 4656.17240.71-.001981              3              2                    R 14      475663 510 5 5 1 8    31.0   29.0
 53 2143.072522 4.021E-22 1.656E+01.05450.059  384.26120.71-.001981              1              0                    R 14      475663 510 5 5 1 8    31.0   29.0
 53 2143.944561 2.475E-27 3.360E+01.04830.051 3092.15430.67-.002540              2              1                    R 23      475623 510 5 5 1 8    49.0   47.0
 52 2144.033486 2.696E-21 1.657E+01.05530.059  334.32560.72-.001924              1              0                    R 13      475663 510 5 5 1 8    58.0   54.0
 52 2145.245292 1.933E-26 3.368E+01.04900.052 3016.37200.67-.002479              2              1                    R 22      475623 510 5 5 1 8    94.0   90.0
 51 2145.917341 5.010E-28 5.095E+01.05380.058 4712.71560.70-.002040              3              2                    R 15      475663 510 5 5 1 8    33.0   31.0
 51 2145.998829 2.643E-23 3.301E+01.06060.066 2249.93340.75-.001704              2              1                    R  7      475663 510 5 5 1 8    17.0   15.0
 53 2146.198012 3.291E-22 1.668E+01.05380.058  439.11570.70-.002040              1              0                    R 15      475663 510 5 5 1 8    33.0   31.0
 53 2146.720880 1.693E-27 3.377E+01.04770.051 3178.95400.67-.002601              2              1                    R 24      475623 510 5 5 1 8    51.0   49.0
 51 2147.081134 9.290E-20 1.171E+01.08030.087    0.00000.76-.002100              1              0                    R  0      475663 510 5 5 1 1     3.0    1.0
 52 2147.204573 2.254E-21 1.670E+01.05450.059  385.72750.71-.001981              1              0                    R 14      475663 510 5 5 1 8    62.0   58.0
 52 2148.066355 1.346E-26 3.386E+01.04830.051 3099.89420.67-.002540              2              1                    R 23      475623 510 5 5 1 8    98.0   94.0
 51 2149.077390 3.978E-28 5.128E+01.05310.057 4773.01610.69-.002101              3              2                    R 16      475663 510 5 5 1 8    35.0   33.0
 53 2149.288845 2.636E-22 1.679E+01.05310.057  497.61620.69-.002101              1              0                    R 16      475663 510 5 5 1 8    35.0   33.0
 53 2149.461351 1.137E-27 3.395E+01.04710.050 3269.34320.67-.002661              2              1                    R 25      475623 510 5 5 1 8    53.0   51.0
 51 2149.488540 2.569E-23 3.339E+01.05950.065 2280.40120.75-.001720              2              1                    R  8      475663 510 5 5 1 8    19.0   17.0
 52 2150.340932 1.843E-21 1.681E+01.05380.058  440.79120.70-.002040              1              0                    R 15      475663 510 5 5 1 8    66.0   62.0
 52 2150.851491 9.194E-27 3.404E+01.04770.051 3187.02260.67-.002601              2              1                    R 24      475623 510 5 5 1 8   102.0   98.0
 51 2150.856008 1.828E-19 1.413E+01.07570.081    3.84500.75-.002400              1              0                    R  1      475663 510 5 5 1 1     5.0    3.0
 53 2152.165842 7.490E-28 3.411E+01.04650.049 3363.31850.67-.002719              2              1                    R 26      475623 510 5 5 1 8    55.0   53.0
 51 2152.199945 3.090E-28 5.161E+01.05240.056 4837.07170.68-.002163              3              2                    R 17      475663 510 5 5 1 8    37.0   35.0
 53 2152.344888 2.068E-22 1.690E+01.05240.056  559.76050.68-.002163              1              0                    R 17      475663 510 5 5 1 8    37.0   35.0
 51 2152.941927 2.421E-23 3.374E+01.05860.064 2314.67390.75-.001746              2              1                    R  9      475663 510 5 5 1 8    21.0   19.0
 52 2153.442431 1.475E-21 1.691E+01.05310.057  499.51460.69-.002101              1              0                    R 16      475663 510 5 5 1 8    70.0   66.0
 52 2153.600567 6.162E-27 3.420E+01.04710.050 3277.75410.67-.002661              2              1                    R 25      475623 510 5 5 1 8   106.0  102.0
 51 2154.595583 2.646E-19 1.523E+01.07120.077   11.53500.74-.002620              1              0                    R  2      475663 510 5 5 1 1     7.0    5.0
 53 2154.834220 4.843E-28 3.427E+01.04600.049 3460.87660.67-.002777              2              1                    R 27      475623 510 5 5 1 8    57.0   55.0
 51 2155.284858 2.350E-28 5.191E+01.05170.055 4904.87990.67-.002226              3              2                    R 18      475663 510 5 5 1 8    39.0   37.0
 53 2155.366008 1.588E-22 1.699E+01.05170.055  625.54630.67-.002226              1              0                    R 18      475663 510 5 5 1 8    39.0   37.0
 52 2156.313449 4.052E-27 3.438E+01.04650.049 3372.08510.67-.002719              2              1                    R 26      475623 510 5 5 1 8   110.0  106.0
 51 2156.358842 2.217E-23 3.405E+01.05770.063 2352.74990.75-.001781              2              1                    R 10      475663 510 5 5 1 8    23.0   21.0
 52 2156.508936 1.155E-21 1.702E+01.05240.056  561.89580.68-.002163              1              0                    R 17      475663 510 5 5 1 8    74.0   70.0
 53 2157.466355 3.073E-28 3.444E+01.04540.048 3562.01380.67-.002833              2              1                    R 28      475623 510 5 5 1 8    59.0   57.0
 51 2158.299712 3.342E-19 1.588E+01.06770.074   23.06950.74-.002530              1              0                    R  3      475663 510 5 5 1 1     9.0    7.0
 51 2158.331984 1.750E-28 5.221E+01.05100.054 4976.43800.67-.002290              3              2                    R 19      475663 510 5 5 1 8    41.0   39.0
 53 2158.352074 1.195E-22 1.709E+01.05100.054  694.97140.67-.002290              1              0                    R 19      475663 510 5 5 1 8    41.0   39.0
 52 2158.990005 2.616E-27 3.455E+01.04600.049 3470.01230.67-.002777              2              1                    R 27      475623 510 5 5 1 8   114.0  110.0
 52 2159.540313 8.861E-22 1.713E+01.05170.055  627.93240.67-.002226              1              0                    R 18      475663 510 5 5 1 8    78.0   74.0
 51 2159.739140 1.977E-23 3.435E+01.05690.062 2394.62790.74-.001824              2              1                    R 11      475663 510 5 5 1 8    25.0   23.0
 53 2160.062113 1.914E-28 3.459E+01.04480.047 3666.72650.67-.002887              2              1                    R 29      475623 510 5 5 1 8    61.0   59.0
 53 2161.302952 8.811E-23 1.719E+01.05030.053  768.03310.67-.002353              1              0                    R 20      475623 510 5 5 1 8    43.0   41.0
 51 2161.341176 1.277E-28 5.252E+01.05030.053 5051.74320.67-.002353              3              2                    R 20      475663 510 5 5 1 8    43.0   41.0
 52 2161.630101 1.656E-27 3.470E+01.04540.048 3571.53210.67-.002833              2              1                    R 28      475623 510 5 5 1 8   118.0  114.0
 51 2161.968247 3.884E-19 1.632E+01.06510.071   38.44810.74-.002660              1              0                    R  4      475663 510 5 5 1 1    11.0    9.0
 52 2162.536428 6.660E-22 1.723E+01.05100.054  697.62190.67-.002290              1              0                    R 19      475663 510 5 5 1 8    82.0   78.0
 53 2162.621363 1.170E-28 3.475E+01.04430.047 3775.01070.67-.002941              2              1                    R 30      475623 510 5 5 1 8    63.0   61.0
 51 2163.082673 1.718E-23 3.462E+01.05610.060 2440.30620.73-.001872              2              1                    R 12      475663 510 5 5 1 8    27.0   25.0
 53 2164.218511 6.370E-23 1.729E+01.04960.053  844.72880.67-.002416              1              0                    R 21      475623 510 5 5 1 8    45.0   43.0
 52 2164.233604 1.030E-27 3.487E+01.04480.047 3676.64070.67-.002887              2              1                    R 29      475623 510 5 5 1 8   122.0  118.0
 51 2164.312288 9.122E-29 5.280E+01.04960.053 5130.79260.67-.002416              3              2                    R 21      475663 510 5 5 1 8    45.0   43.0
 53 2165.143971 7.026E-29 3.491E+01.04380.046 3886.86250.67-.002993              2              1                    R 31      475623 510 5 5 1 8    65.0   63.0
 52 2165.497150 4.905E-22 1.733E+01.05030.053  770.96190.67-.002353              1              0                    R 20      475623 510 5 5 1 8    86.0   82.0
 51 2165.601042 4.253E-19 1.666E+01.06320.069   57.67040.74-.002590              1              0                    R  5      475663 510 5 5 1 1    13.0   11.0
 51 2166.389295 1.457E-23 3.489E+01.05530.059 2489.78310.72-.001924              2              1                    R 13      475663 510 5 5 1 8    29.0   27.0
 52 2166.800382 6.285E-28 3.503E+01.04430.047 3785.33420.67-.002941              2              1                    R 30      475623 510 5 5 1 8   126.0  122.0
 53 2167.098617 4.515E-23 1.739E+01.04900.052  925.05570.67-.002479              1              0                    R 22      475623 510 5 5 1 8    47.0   45.0
 51 2167.245173 6.388E-29 5.309E+01.04900.052 5213.58320.67-.002479              3              2                    R 22      475663 510 5 5 1 8    47.0   45.0
 53 2167.629809 4.141E-29 3.506E+01.04320.046 4002.27780.67-.003043              2              1                    R 32      475623 510 5 5 1 8    67.0   65.0
 52 2168.422343 3.541E-22 1.742E+01.04960.053  847.94970.67-.002416              1              0                    R 21      475623 510 5 5 1 8    90.0   86.0
 51 2169.197950 4.444E-19 1.693E+01.06180.068   80.73540.75-.002540              1              0                    R  6      475663 510 5 5 1 1    15.0   13.0
 52 2169.330300 3.765E-28 3.518E+01.04380.046 3897.60860.67-.002993              2              1                    R 31      475623 510 5 5 1 8   130.0  126.0
 51 2169.658860 1.207E-23 3.514E+01.05450.059 2543.05670.71-.001981              2              1                    R 14      475663 510 5 5 1 8    31.0   29.0
 53 2169.943140 3.138E-23 1.747E+01.04830.051 1009.01080.67-.002540              1              0                    R 23      475623 510 5 5 1 8    49.0   47.0
 53 2170.078744 2.397E-29 3.522E+01.04270.045 4121.25240.67-.003092              2              1                    R 33      475623 510 5 5 1 8    69.0   67.0
 51 2170.139686 4.385E-29 5.337E+01.04830.051 5300.11170.67-.002540              3              2                    R 23      475663 510 5 5 1 8    49.0   47.0
 52 2171.311876 2.506E-22 1.752E+01.04900.052  928.58230.67-.002479              1              0                    R 22      475623 510 5 5 1 8    94.0   90.0
 52 2171.823228 2.215E-28 3.534E+01.04320.046 4013.45980.67-.003043              2              1                    R 32      475623 510 5 5 1 8   134.0  130.0
 53 2172.490643 1.362E-29 3.537E+01.04220.045 4243.78180.67-.003140              2              1                    R 34      475623 510 5 5 1 8    71.0   69.0
 53 2172.751947 2.139E-23 1.756E+01.04770.051 1096.59120.67-.002601              1              0                    R 24      475623 510 5 5 1 8    51.0   49.0
 51 2172.758825 4.465E-19 1.717E+01.06060.066  107.64240.75-.002600              1              0                    R  7      475663 510 5 5 1 1    17.0   15.0
 51 2172.891222 9.778E-24 3.538E+01.05380.058 2600.12490.70-.002040              2              1                    R 15      475663 510 5 5 1 8    33.0   31.0
 51 2172.995681 2.950E-29 5.365E+01.04770.051 5390.37470.67-.002601              3              2                    R 24      475663 510 5 5 1 8    51.0   49.0
 52 2174.165614 1.739E-22 1.761E+01.04830.051 1012.85700.67-.002540              1              0                    R 23      475623 510 5 5 1 8    98.0   94.0
 52 2174.279032 1.279E-28 3.549E+01.04270.045 4132.88350.67-.003092              2              1                    R 33      475623 510 5 5 1 8   138.0  134.0
 53 2174.865375 7.605E-30 3.552E+01.04170.044 4369.86160.67-.003187              2              1                    R 35      475623 510 5 5 1 8    73.0   71.0
 53 2175.524906 1.431E-23 1.765E+01.04710.050 1187.79360.67-.002661              1              0                    R 25      475623 510 5 5 1 8    53.0   51.0
 51 2175.813011 1.946E-29 5.391E+01.04710.050 5484.36870.67-.002661              3              2                    R 25      475663 510 5 5 1 8    53.0   51.0
 51 2176.086233 7.743E-24 3.561E+01.05310.057 2660.98550.69-.002101              2              1                    R 16      475663 510 5 5 1 8    35.0   33.0
 51 2176.283519 4.335E-19 1.737E+01.05950.065  138.39040.75-.002420              1              0                    R  8      475663 510 5 5 1 1    19.0   17.0
 52 2176.697579 7.253E-29 3.564E+01.04220.045 4255.87530.67-.003140              2              1                    R 34      475623 510 5 5 1 8   142.0  138.0
 52 2176.983424 1.184E-22 1.770E+01.04770.051 1100.77060.67-.002601              1              0                    R 24      475623 510 5 5 1 8   102.0   98.0
 53 2177.202810 4.169E-30 3.566E+01.04130.044 4499.48710.67-.003232              2              1                    R 36      475623 510 5 5 1 8    75.0   73.0
 53 2178.261885 9.387E-24 1.774E+01.04650.049 1282.61470.67-.002719              1              0                    R 26      475623 510 5 5 1 8    55.0   53.0
 51 2178.591531 1.259E-29 5.417E+01.04650.049 5582.09010.67-.002719              3              2                    R 26      475663 510 5 5 1 8    55.0   53.0
 52 2179.078737 4.039E-29 3.579E+01.04170.044 4382.43060.67-.003187              2              1                    R 35      475623 510 5 5 1 8   146.0  142.0
 51 2179.243748 5.999E-24 3.584E+01.05240.056 2725.63610.68-.002163              2              1                    R 17      475663 510 5 5 1 8    37.0   35.0
 53 2179.502814 2.245E-30 3.581E+01.04080.043 4632.65350.67-.003276              2              1                    R 37      475623 510 5 5 1 8    77.0   75.0
 52 2179.765175 7.902E-23 1.780E+01.04710.050 1192.31990.67-.002661              1              0                    R 25      475623 510 5 5 1 8   106.0  102.0
 51 2179.771887 4.079E-19 1.755E+01.05860.064  172.97800.75-.002550              1              0                    R  9      475663 510 5 5 1 1    21.0   19.0
 53 2180.962752 6.044E-24 1.783E+01.04600.049 1381.05110.67-.002777              1              0                    R 27      475623 510 5 5 1 8    57.0   55.0
 51 2181.331094 7.986E-30 5.444E+01.04600.049 5683.53510.67-.002777              3              2                    R 27      475663 510 5 5 1 8    57.0   55.0
 52 2181.422374 2.209E-29 3.594E+01.04130.044 4512.54480.67-.003232              2              1                    R 36      475623 510 5 5 1 8   150.0  146.0
 53 2181.765258 1.188E-30 3.595E+01.04030.043 4769.35600.67-.003318              2              1                    R 38      475623 510 5 5 1 8    79.0   77.0
 51 2182.363620 4.548E-24 3.605E+01.05170.055 2794.07430.67-.002226              2              1                    R 18      475663 510 5 5 1 8    39.0   37.0
 52 2182.510731 5.175E-23 1.788E+01.04650.049 1287.50160.67-.002719              1              0                    R 26      475623 510 5 5 1 8   110.0  106.0
 51 2183.223781 3.729E-19 1.772E+01.05770.063  211.40410.75-.002540              1              0                    R 10      475663 510 5 5 1 1    23.0   21.0
 53 2183.627375 3.818E-24 1.791E+01.04540.048 1483.09910.67-.002833              1              0                    R 28      475623 510 5 5 1 8    59.0   57.0
 52 2183.728356 1.187E-29 3.608E+01.04080.043 4646.21300.67-.003276              2              1                    R 37      475623 510 5 5 1 8   154.0  150.0
 53 2183.990009 6.169E-31 3.609E+01.03990.042 4909.58950.67-.003360              2              1                    R 39      475623 510 5 5 1 8    81.0   79.0
 51 2184.031555 4.970E-30 5.469E+01.04540.048 5788.69960.67-.002833              3              2                    R 28      475663 510 5 5 1 8    59.0   57.0
 52 2185.219962 3.326E-23 1.797E+01.04600.049 1386.31210.67-.002777              1              0                    R 27      475623 510 5 5 1 8   114.0  110.0
 51 2185.445703 3.376E-24 3.627E+01.05100.054 2866.29750.67-.002290              2              1                    R 19      475663 510 5 5 1 8    41.0   39.0
 52 2185.996552 6.260E-30 3.623E+01.04030.043 4783.43040.67-.003318              2              1                    R 38      475623 510 5 5 1 8   158.0  154.0
 53 2186.176936 3.149E-31 3.623E+01.03950.042 5053.34890.67-.003400              2              1                    R 40      475623 510 5 5 1 8    83.0   81.0
 53 2186.255623 2.368E-24 1.800E+01.04480.047 1588.75510.67-.002887              1              0                    R 29      475623 510 5 5 1 8    61.0   59.0
 51 2186.639055 3.319E-19 1.788E+01.05690.062  253.66720.74-.002500              1              0                    R 11      475663 510 5 5 1 1    25.0   23.0
 51 2186.692768 3.033E-30 5.495E+01.04480.047 5897.57960.67-.002887              3              2                    R 29      475663 510 5 5 1 8    61.0   59.0
 52 2187.892734 2.097E-23 1.805E+01.04540.048 1488.74790.67-.002833              1              0                    R 28      475623 510 5 5 1 8   118.0  114.0
 52 2188.226829 3.244E-30 3.637E+01.03990.042 4924.19190.67-.003360              2              1                    R 39      475623 510 5 5 1 8   162.0  158.0
 53 2188.325909 1.579E-31 3.637E+01.03900.041 5200.62880.67-.003439              2              1                    R 41      475623 510 5 5 1 8    85.0   83.0
 51 2188.489851 2.454E-24 3.648E+01.05030.053 2942.30280.67-.002353              2              1                    R 20      475623 510 5 5 1 8    43.0   41.0
 53 2188.847364 1.441E-24 1.808E+01.04430.047 1698.01520.67-.002941              1              0                    R 30      475623 510 5 5 1 8    63.0   61.0
 51 2189.314587 1.816E-30 5.520E+01.04430.047 6010.17090.67-.002941              3              2                    R 30      475663 510 5 5 1 8    63.0   61.0
 51 2190.017563 2.879E-19 1.801E+01.05610.060  299.76560.73-.002580              1              0                    R 12      475663 510 5 5 1 1    27.0   25.0
 52 2190.419055 1.651E-30 3.651E+01.03950.042 5068.49220.67-.003400              2              1                    R 40      475623 510 5 5 1 8   166.0  162.0
 52 2190.528913 1.298E-23 1.814E+01.04480.047 1594.80530.67-.002887              1              0                    R 29      475623 510 5 5 1 8   122.0  118.0
 53 2191.402465 8.608E-25 1.816E+01.04380.046 1810.87540.67-.002993              1              0                    R 31      475623 510 5 5 1 8    65.0   63.0
 51 2191.495919 1.747E-24 3.668E+01.04960.053 3022.08730.67-.002416              2              1                    R 21      475623 510 5 5 1 8    45.0   43.0
 51 2191.896867 1.067E-30 5.545E+01.04380.046 6126.46910.67-.002993              3              2                    R 31      475663 510 5 5 1 8    65.0   63.0
 52 2192.573097 8.259E-31 3.665E+01.03900.041 5216.32610.67-.003439              2              1                    R 41      475623 510 5 5 1 8   170.0  166.0
 52 2193.128369 7.884E-24 1.823E+01.04430.047 1704.48020.67-.002941              1              0                    R 30      475623 510 5 5 1 8   126.0  122.0
 51 2193.359157 2.437E-19 1.815E+01.05530.059  349.69750.72-.002590              1              0                    R 13      475663 510 5 5 1 1    29.0   27.0
 53 2193.920796 5.049E-25 1.825E+01.04320.046 1927.33160.67-.003043              1              0                    R 32      475623 510 5 5 1 8    67.0   65.0
 51 2194.439462 6.149E-31 5.569E+01.04320.046 6246.46950.67-.003043              3              2                    R 32      475663 510 5 5 1 8    67.0   65.0
 51 2194.463759 1.219E-24 3.688E+01.04900.052 3105.64790.67-.002479              2              1                    R 22      475623 510 5 5 1 8    47.0   45.0
 52 2194.688824 4.058E-31 3.679E+01.03860.041 5367.68800.67-.003476              2              1                    R 42      475623 510 5 5 1 8   174.0  170.0
 52 2195.690966 4.700E-24 1.831E+01.04380.046 1817.76880.67-.002993              1              0                    R 31      475623 510 5 5 1 8   130.0  126.0
 53 2196.402226 2.907E-25 1.833E+01.04270.045 2047.37960.67-.003092              1              0                    R 33      475623 510 5 5 1 8    69.0   67.0
 51 2196.663693 2.015E-19 1.829E+01.05450.059  403.46120.71-.002640              1              0                    R 14      475663 510 5 5 1 1    31.0   29.0
 52 2196.766104 1.959E-31 3.692E+01.03820.040 5522.57240.67-.003513              2              1                    R 43      475623 510 5 5 1 8   178.0  174.0
 51 2196.942226 3.478E-31 5.593E+01.04270.045 6370.16770.67-.003092              3              2                    R 33      475663 510 5 5 1 8    69.0   67.0
 51 2197.393227 8.338E-25 3.707E+01.04830.051 3192.98150.67-.002540              2              1                    R 23      475623 510 5 5 1 8    49.0   47.0
 52 2198.216574 2.751E-24 1.838E+01.04320.046 1934.66690.67-.003043              1              0                    R 32      475623 510 5 5 1 8   134.0  130.0
 53 2198.846623 1.643E-25 1.840E+01.04220.045 2171.01490.67-.003140              1              0                    R 34      475623 510 5 5 1 8    71.0   69.0
 51 2199.405015 1.931E-31 5.616E+01.04220.045 6497.55860.67-.003140              3              2                    R 34      475663 510 5 5 1 8    71.0   69.0
 51 2199.931023 1.627E-19 1.841E+01.05380.058  461.05440.70-.002690              1              0                    R 15      475663 510 5 5 1 1    33.0   31.0
 51 2200.284176 5.587E-25 3.727E+01.04770.051 3284.08460.67-.002601              2              1                    R 24      475623 510 5 5 1 8    51.0   49.0
 52 2200.705061 1.581E-24 1.847E+01.04270.045 2055.17020.67-.003092              1              0                    R 33      475623 510 5 5 1 8   138.0  134.0
 53 2201.253856 9.124E-26 1.848E+01.04170.044 2298.23320.67-.003187              1              0                    R 35      475623 510 5 5 1 8    73.0   71.0
 51 2201.827683 1.052E-31 5.640E+01.04170.044 6628.63740.67-.003187              3              2                    R 35      475663 510 5 5 1 8    73.0   71.0
 51 2203.136460 3.670E-25 3.746E+01.04710.050 3378.95370.67-.002661              2              1                    R 25      475623 510 5 5 1 8    53.0   51.0
 52 2203.156293 8.914E-25 1.855E+01.04220.045 2179.27430.67-.003140              1              0                    R 34      475623 510 5 5 1 8   142.0  138.0
 51 2203.161001 1.285E-19 1.853E+01.05310.057  522.47510.69-.002740              1              0                    R 16      475663 510 5 5 1 1    35.0   33.0
 53 2203.623793 4.974E-26 1.856E+01.04130.044 2429.02970.67-.003232              1              0                    R 36      475623 510 5 5 1 8    75.0   73.0
 52 2205.570138 4.937E-25 1.863E+01.04170.044 2306.97460.67-.003187              1              0                    R 35      475623 510 5 5 1 8   146.0  142.0
 51 2205.949934 2.364E-25 3.764E+01.04650.049 3477.58510.67-.002719              2              1                    R 26      475623 510 5 5 1 8    55.0   53.0
 53 2205.956304 2.663E-26 1.864E+01.04080.043 2563.39970.67-.003276              1              0                    R 37      475623 510 5 5 1 8    77.0   75.0
 51 2206.353482 9.927E-20 1.865E+01.05240.056  587.72090.68-.002870              1              0                    R 17      475663 510 5 5 1 1    37.0   35.0
 52 2207.946465 2.685E-25 1.871E+01.04130.044 2438.26660.67-.003232              1              0                    R 36      475623 510 5 5 1 8   150.0  146.0
 53 2208.251257 1.400E-26 1.871E+01.04030.043 2701.33820.67-.003318              1              0                    R 38      475623 510 5 5 1 8    79.0   77.0
 51 2208.724452 1.493E-25 3.783E+01.04600.049 3579.97510.67-.002777              2              1                    R 27      475623 510 5 5 1 8    57.0   55.0
 51 2209.508319 7.504E-20 1.877E+01.05170.055  656.78920.67-.002650              1              0                    R 18      475663 510 5 5 1 1    39.0   37.0
 52 2210.285140 1.434E-25 1.879E+01.04080.043 2573.14530.67-.003276              1              0                    R 37      475623 510 5 5 1 8   154.0  150.0
 53 2210.508522 7.229E-27 1.879E+01.03990.042 2842.84040.67-.003360              1              0                    R 39      475623 510 5 5 1 8    81.0   79.0
 51 2211.459869 9.246E-26 3.801E+01.04540.048 3686.11980.67-.002833              2              1                    R 28      475623 510 5 5 1 8    59.0   57.0
 52 2212.586033 7.520E-26 1.886E+01.04030.043 2711.60590.67-.003318              1              0                    R 38      475623 510 5 5 1 8   158.0  154.0
 51 2212.625365 5.553E-20 1.887E+01.05100.054  729.67740.67-.002790              1              0                    R 19      475663 510 5 5 1 1    41.0   39.0
 53 2212.727967 3.667E-27 1.886E+01.03950.042 2987.90090.67-.003400              1              0                    R 40      475623 510 5 5 1 8    83.0   81.0
 51 2214.156039 5.616E-26 3.819E+01.04480.047 3796.01490.67-.002887              2              1                    R 29      475623 510 5 5 1 8    61.0   59.0
 52 2214.849010 3.873E-26 1.893E+01.03990.042 2853.64320.67-.003360              1              0                    R 39      475623 510 5 5 1 8   162.0  158.0
 53 2214.909461 1.827E-27 1.893E+01.03900.041 3136.51440.67-.003439              1              0                    R 41      475623 510 5 5 1 8    85.0   83.0
 51 2215.704476 4.023E-20 1.898E+01.05030.053  806.38280.67-.003130              1              0                    R 20      475623 510 5 5 1 1    43.0   41.0
 51 2216.812816 3.346E-26 3.837E+01.04430.047 3909.65620.67-.002941              2              1                    R 30      475623 510 5 5 1 8    63.0   61.0
 53 2217.052875 8.942E-28 1.900E+01.03860.041 3288.67570.67-.003476              1              0                    R 42      475623 510 5 5 1 8    87.0   85.0
 52 2217.073941 1.959E-26 1.901E+01.03950.042 2999.25210.67-.003400              1              0                    R 40      475623 510 5 5 1 8   166.0  162.0
 51 2218.745505 2.855E-20 1.909E+01.04960.053  886.90240.67-.003140              1              0                    R 21      475623 510 5 5 1 1    45.0   43.0
 53 2219.158076 4.300E-28 1.908E+01.03820.040 3444.37910.67-.003513              1              0                    R 43      475623 510 5 5 1 8    89.0   87.0
 52 2219.260693 9.736E-27 1.908E+01.03900.041 3148.42730.67-.003439              1              0                    R 41      475623 510 5 5 1 8   170.0  166.0
 51 2219.430056 1.955E-26 3.854E+01.04380.046 4027.03950.67-.002993              2              1                    R 31      475623 510 5 5 1 8    65.0   63.0
 53 2221.224935 2.032E-28 1.915E+01.03780.040 3603.61900.67-.003549              1              0                    R 44      475623 510 5 5 1 8    91.0   89.0
 52 2221.409134 4.752E-27 1.916E+01.03860.041 3301.16330.67-.003476              1              0                    R 42      475623 510 5 5 1 8   174.0  170.0
 51 2221.748306 1.985E-20 1.920E+01.04900.052  971.23320.67-.002780              1              0                    R 22      475623 510 5 5 1 1    47.0   45.0
 51 2222.007612 1.121E-26 3.871E+01.04320.046 4148.16010.67-.003043              2              1                    R 32      475623 510 5 5 1 8    67.0   65.0
 53 2223.253321 9.427E-29 1.922E+01.03740.040 3766.38940.67-.003583              1              0                    R 45      475623 510 5 5 1 8    93.0   91.0
 52 2223.519133 2.278E-27 1.923E+01.03820.040 3457.45440.67-.003513              1              0                    R 43      475623 510 5 5 1 8   178.0  174.0
 51 2224.545341 6.306E-27 3.889E+01.04270.045 4273.01330.67-.003092              2              1                    R 33      475623 510 5 5 1 8    69.0   67.0
 51 2224.712734 1.351E-20 1.931E+01.04830.051 1059.37180.67-.002880              1              0                    R 23      475623 510 5 5 1 1    49.0   47.0
 53 2225.243104 4.298E-29 1.929E+01.03700.039 3932.68460.67-.003617              1              0                    R 46      475623 510 5 5 1 8    95.0   93.0
 52 2225.590558 1.073E-27 1.930E+01.03780.040 3617.29500.67-.003549              1              0                    R 44      475623 510 5 5 1 8   182.0  178.0
 51 2227.043097 3.480E-27 3.905E+01.04220.045 4401.59430.67-.003140              2              1                    R 34      475623 510 5 5 1 8    71.0   69.0
 53 2227.194152 1.926E-29 1.936E+01.03660.039 4102.49840.67-.003649              1              0                    R 47      475623 510 5 5 1 8    97.0   95.0
 52 2227.623278 4.966E-28 1.937E+01.03740.040 3780.67920.67-.003583              1              0                    R 45      475623 510 5 5 1 8   186.0  182.0
 51 2227.638643 9.022E-21 1.940E+01.04770.051 1151.31500.67-.002601              1              0                    R 24      475623 510 5 5 1 8    51.0   49.0
 53 2229.106336 8.480E-30 1.942E+01.03620.038 4275.82450.67-.003681              1              0                    R 48      475623 510 5 5 1 8    99.0   97.0
 51 2229.500734 1.885E-27 3.922E+01.04170.044 4533.89830.67-.003187              2              1                    R 35      475623 510 5 5 1 8    73.0   71.0
 52 2229.617160 2.257E-28 1.944E+01.03700.039 3947.60100.67-.003617              1              0                    R 46      475623 510 5 5 1 8   190.0  186.0
 51 2230.525888 5.902E-21 1.950E+01.04710.050 1247.05920.67-.002661              1              0                    R 25      475623 510 5 5 1 8    53.0   51.0
 53 2230.979525 3.669E-30 1.949E+01.03590.038 4452.65680.67-.003711              1              0                    R 49      475623 510 5 5 1 8   101.0   99.0
 52 2231.572074 1.008E-28 1.951E+01.03660.039 4118.05440.67-.003649              1              0                    R 47      475623 510 5 5 1 8   194.0  190.0
 51 2231.918108 1.002E-27 3.938E+01.04130.044 4669.92000.67-.003232              2              1                    R 36      475623 510 5 5 1 8    75.0   73.0
 53 2232.813589 1.560E-30 1.955E+01.03550.038 4632.98870.67-.003741              1              0                    R 50      375623 510 5 5 1 8   103.0  101.0
 51 2233.374323 3.785E-21 1.960E+01.04650.049 1346.60080.67-.002719              1              0                    R 26      475623 510 5 5 1 8    55.0   53.0
 52 2233.487889 4.426E-29 1.957E+01.03620.038 4292.03300.67-.003681              1              0                    R 48      475623 510 5 5 1 8   198.0  194.0
 51 2234.295073 5.224E-28 3.954E+01.04080.043 4809.65410.67-.003276              2              1                    R 37      475623 510 5 5 1 8    77.0   75.0
 53 2234.608398 6.518E-31 1.962E+01.03520.037 4816.81370.67-.003770              1              0                    R 51      375623 510 5 5 1 8   105.0  103.0
 52 2235.364472 1.908E-29 1.964E+01.03590.038 4469.53040.67-.003711              1              0                    R 49      475623 510 5 5 1 8   202.0  198.0
 51 2236.183803 2.379E-21 1.970E+01.04600.049 1449.93590.67-.002777              1              0                    R 27      475623 510 5 5 1 8    57.0   55.0
 53 2236.363822 2.676E-31 1.968E+01.03480.037 5004.12490.67-.003798              1              0                    R 52      375623 510 5 5 1 8   107.0  105.0
 51 2236.631486 2.674E-28 3.970E+01.04030.043 4953.09540.67-.003318              2              1                    R 38      475623 510 5 5 1 8    79.0   77.0
 52 2237.201693 8.087E-30 1.971E+01.03550.038 4650.54020.67-.003741              1              0                    R 50      375623 510 5 5 1 8   206.0  202.0
 53 2238.079730 1.081E-31 1.975E+01.03450.037 5194.91560.67-.003825              1              0                    R 53      375623 510 5 5 1 8   109.0  107.0
 51 2238.927200 1.344E-28 3.986E+01.03990.042 5100.23820.67-.003360              2              1                    R 39      475623 510 5 5 1 8    81.0   79.0
 51 2238.954182 1.467E-21 1.980E+01.04540.048 1557.06070.67-.002833              1              0                    R 28      475623 510 5 5 1 8    59.0   57.0
 52 2238.999420 3.368E-30 1.978E+01.03520.037 4835.05580.67-.003770              1              0                    R 51      375623 510 5 5 1 8   210.0  206.0
 52 2240.757523 1.379E-30 1.984E+01.03480.037 5023.07030.67-.003798              1              0                    R 52      375623 510 5 5 1 8   214.0  210.0
 51 2241.182072 6.626E-29 4.001E+01.03950.042 5251.07690.67-.003400              2              1                    R 40      475623 510 5 5 1 8    83.0   81.0
 51 2241.685315 8.865E-22 1.989E+01.04480.047 1667.97090.67-.002887              1              0                    R 29      475623 510 5 5 1 8    61.0   59.0
 52 2242.475869 5.545E-31 1.990E+01.03450.037 5214.57680.67-.003825              1              0                    R 53      375623 510 5 5 1 8   218.0  214.0
 51 2243.395957 3.208E-29 4.016E+01.03900.041 5405.60560.67-.003439              2              1                    R 41      475623 510 5 5 1 8    85.0   83.0
 52 2244.154329 2.192E-31 1.996E+01.03420.036 5409.56840.67-.003852              1              0                    R 54      375623 510 5 5 1 8   222.0  218.0
 51 2244.377056 5.255E-22 1.998E+01.04430.047 1782.66240.67-.002941              1              0                    R 30      475623 510 5 5 1 8    63.0   61.0
 51 2245.568710 1.524E-29 4.032E+01.03860.041 5563.81840.67-.003476              2              1                    R 42      475623 510 5 5 1 8    87.0   85.0
 51 2247.029262 3.055E-22 2.007E+01.04380.046 1901.13080.67-.002993              1              0                    R 31      475623 510 5 5 1 8    65.0   63.0
 51 2247.700187 7.112E-30 4.046E+01.03820.040 5725.70900.67-.003513              2              1                    R 43      475623 510 5 5 1 8    89.0   87.0
 51 2249.641788 1.742E-22 2.017E+01.04320.046 2023.37150.67-.003043              1              0                    R 32      475623 510 5 5 1 8    67.0   65.0
 51 2249.790242 3.258E-30 4.061E+01.03780.040 5891.27140.67-.003549              2              1                    R 44      475623 510 5 5 1 8    91.0   89.0
 51 2251.838733 1.465E-30 4.076E+01.03740.040 6060.49900.67-.003583              2              1                    R 45      475623 510 5 5 1 8    93.0   91.0
 51 2252.214487 9.745E-23 2.026E+01.04270.045 2149.37990.67-.003092              1              0                    R 33      475623 510 5 5 1 8    69.0   67.0
 51 2253.845514 6.470E-31 4.091E+01.03700.039 6233.38530.67-.003617              2              1                    R 46      475623 510 5 5 1 8    95.0   93.0
 51 2254.747216 5.348E-23 2.034E+01.04220.045 2279.15110.67-.003140              1              0                    R 34      475623 510 5 5 1 8    71.0   69.0
 51 2255.810441 2.806E-31 4.104E+01.03660.039 6409.92360.67-.003649              2              1                    R 47      475623 510 5 5 1 8    97.0   95.0
 51 2257.239829 2.879E-23 2.043E+01.04170.044 2412.68010.67-.003187              1              0                    R 35      475623 510 5 5 1 8    73.0   71.0
 51 2257.733370 1.195E-31 4.118E+01.03620.038 6590.10710.67-.003681              2              1                    R 48      475623 510 5 5 1 8    99.0   97.0
 51 2259.692183 1.521E-23 2.052E+01.04130.044 2549.96200.67-.003232              1              0                    R 36      475623 510 5 5 1 8    75.0   73.0
 51 2262.104132 7.883E-24 2.060E+01.04080.043 2690.99130.67-.003276              1              0                    R 37      475623 510 5 5 1 8    77.0   75.0
 51 2264.475532 4.009E-24 2.069E+01.04030.043 2835.76270.67-.003318              1              0                    R 38      475623 510 5 5 1 8    79.0   77.0
 51 2266.806239 2.001E-24 2.078E+01.03990.042 2984.27070.67-.003360              1              0                    R 39      475623 510 5 5 1 8    81.0   79.0
 51 2269.096108 9.800E-25 2.085E+01.03950.042 3136.50950.67-.003400              1              0                    R 40      475623 510 5 5 1 8    83.0   81.0
 51 2271.344996 4.713E-25 2.093E+01.03900.041 3292.47340.67-.003439              1              0                    R 41      475623 510 5 5 1 8    85.0   83.0
 51 2273.552757 2.224E-25 2.102E+01.03860.041 3452.15630.67-.003476              1              0                    R 42      475623 510 5 5 1 8    87.0   85.0
 51 2275.719249 1.030E-25 2.110E+01.03820.040 3615.55210.67-.003513              1              0                    R 43      475623 510 5 5 1 8    89.0   87.0
 51 2277.844326 4.683E-26 2.118E+01.03780.040 3782.65460.67-.003549              1              0                    R 44      475623 510 5 5 1 8    91.0   89.0
 51 2279.927846 2.090E-26 2.126E+01.03740.040 3953.45740.67-.003583              1              0                    R 45      475623 510 5 5 1 8    93.0   91.0
 51 2281.969664 9.160E-27 2.132E+01.03700.039 4127.95390.67-.003617              1              0                    R 46      475623 510 5 5 1 8    95.0   93.0
 51 2283.969636 3.941E-27 2.140E+01.03660.039 4306.13750.67-.003649              1              0                    R 47      475623 510 5 5 1 8    97.0   95.0
 51 2285.927619 1.665E-27 2.148E+01.03620.038 4488.00120.67-.003681              1              0                    R 48      475623 510 5 5 1 8    99.0   97.0
 51 2287.843469 6.904E-28 2.155E+01.03590.038 4673.53810.67-.003711              1              0                    R 49      475623 510 5 5 1 8   101.0   99.0
 51 2289.717042 2.812E-28 2.163E+01.03550.038 4862.74110.67-.003741              1              0                    R 50      375623 510 5 5 1 8   103.0  101.0
 51 2291.548195 1.124E-28 2.170E+01.03520.037 5055.60290.67-.003770              1              0                    R 51      375623 510 5 5 1 8   105.0  103.0
 51 2293.336784 4.416E-29 2.177E+01.03480.037 5252.11620.67-.003798              1              0                    R 52      375623 510 5 5 1 8   107.0  105.0
 51 2295.082667 1.703E-29 2.183E+01.03450.037 5452.27330.67-.003825              1              0                    R 53      375623 510 5 5 1 8   109.0  107.0
 51 2296.785698 6.450E-30 2.190E+01.03420.036 5656.06660.67-.003852              1              0                    R 54      375623 510 5 5 1 8   111.0  109.0
 51 2298.445736 2.400E-30 2.197E+01.03380.036 5863.48830.67-.003877              1              0                    R 55      375623 510 5 5 1 8   113.0  111.0
 51 2300.062637 8.770E-31 2.204E+01.03350.036 6074.53040.67-.003902              1              0                    R 56      375623 510 5 5 1 8   115.0  113.0
 51 2301.636256 3.148E-31 2.210E+01.03320.035 6289.18470.67-.003926              1              0                    R 57      375623 510 5 5 1 8   117.0  115.0
 51 2303.166452 1.110E-31 2.217E+01.03290.035 6507.44310.67-.003950              1              0                    R 58      375623 510 5 5 1 8   119.0  117.0
